desert
90
45
32
32
6
res/textures/desertTiles32x32.png
1280
832

922 922 922 922 922 922 922 922 922 922 922 922 922 922 922 922 922 922 922 922 922 922 922 922 922 922 922 922 922 922 922 922 922 922 922 922 922 922 922 922 922 922 922 922 922 922 922 922 922 922 922 922 922 922 922 922 922 922 922 922 922 922 922 922 922 922 922 922 922 922 922 922 922 922 922 922 922 922 922 922 922 922 922 922 922 922 922 922 922 922
922 922 922 922 922 922 922 922 922 922 922 922 922 922 922 922 922 922 922 922 922 922 922 922 922 922 922 922 922 922 922 922 922 922 922 922 922 922 922 922 922 922 922 922 922 922 922 922 922 922 922 922 922 922 922 922 922 922 922 922 922 922 922 922 922 922 922 922 922 922 922 922 922 922 922 922 922 922 922 922 922 922 922 922 922 922 922 922 922 922 
922 922 922 922 922 922 922 922 922 922 922 922 922 922 922 922 922 922 922 922 922 922 922 922 922 922 922 922 922 922 922 922 922 922 922 922 922 922 922 922 922 922 922 922 922 922 922 922 922 922 922 922 922 922 922 922 922 922 922 922 922 922 922 922 922 922 922 922 922 922 922 922 922 922 922 922 922 922 922 922 922 922 922 922 922 922 922 922 922 922 
922 922 922 922 922 922 922 922 922 922 922 922 922 922 922 922 922 922 922 922 922 922 922 922 922 922 922 922 922 922 922 922 922 922 922 922 922 922 922 922 922 922 922 922 922 922 922 922 922 922 922 922 922 922 922 922 922 922 922 922 922 922 922 922 922 922 922 922 922 922 922 922 922 922 922 922 922 922 922 922 922 922 922 922 922 922 922 922 922 922 
922 922 922 922 922 922 922 922 922 922 922 922 922 922 922 922 922 922 922 922 922 922 922 922 922 922 922 922 922 922 922 922 922 922 922 922 922 922 922 922 922 922 922 922 922 922 922 922 922 922 922 922 922 922 922 922 922 922 922 922 922 922 922 922 922 922 922 922 922 922 922 922 922 922 922 922 922 922 922 922 922 922 922 922 922 922 922 922 922 922 
922 922 922 922 922 922 922 922 922 922 922 922 922 922 922 922 922 922 922 922 922 922 922 922 922 922 922 922 922 922 922 922 922 922 922 922 922 922 922 922 922 922 922 922 922 922 922 922 922 922 922 922 922 922 922 922 922 922 922 922 922 922 922 922 922 922 922 922 922 922 922 922 922 922 922 922 922 922 922 922 922 922 922 922 922 922 922 922 922 922 
922 922 922 922 922 922 922 922 922 922 922 922 922 922 922 922 922 922 922 922 922 922 922 922 922 922 922 922 922 922 922 922 922 922 922 922 922 922 922 922 922 922 922 922 922 922 922 922 922 922 922 922 922 922 922 922 922 922 922 922 922 922 922 922 922 922 922 922 922 922 922 922 922 922 922 922 922 922 922 922 922 922 922 922 922 922 922 922 922 922 
922 922 922 922 922 922 922 922 922 922 922 922 922 922 922 922 922 922 922 922 922 922 922 922 922 922 922 922 922 922 922 922 922 922 922 922 922 922 922 922 922 922 922 922 922 922 922 922 922 922 922 922 922 922 922 922 922 922 922 922 922 922 922 922 922 922 922 922 922 922 922 922 922 922 922 922 922 922 922 922 922 922 922 922 922 922 922 922 922 922 
922 922 922 922 922 922 922 922 922 922 922 922 922 922 922 922 922 922 922 922 922 922 922 922 922 922 922 922 922 922 922 922 922 922 922 922 922 922 922 922 922 922 922 922 922 922 922 922 922 922 922 922 922 922 922 922 922 922 922 922 922 922 922 922 922 922 922 922 922 922 922 922 922 922 922 922 922 922 922 922 922 922 922 922 922 922 922 922 922 922 
922 922 922 922 922 922 922 922 922 922 922 922 922 922 922 922 922 922 922 922 922 922 922 922 922 922 922 922 922 922 922 922 922 922 922 922 922 922 922 922 922 922 922 922 922 922 922 922 922 922 922 922 922 922 922 922 922 922 922 922 922 922 922 922 922 922 922 922 922 922 922 922 922 922 922 922 922 922 922 922 922 922 922 922 922 922 922 922 922 922 
922 922 922 922 922 922 922 922 922 922 922 922 922 922 922 922 922 922 922 922 922 922 922 922 922 922 922 922 922 922 922 922 922 922 922 922 922 922 922 922 922 922 922 922 922 922 922 922 922 922 922 922 922 922 922 922 922 922 922 922 922 922 922 922 922 922 922 922 922 922 922 922 922 922 922 922 922 922 922 922 922 922 922 922 922 922 922 922 922 922 
922 922 922 922 922 922 922 922 922 922 922 922 922 922 922 922 922 922 922 922 922 922 922 922 922 922 922 922 922 922 922 922 922 922 922 922 922 922 922 922 922 922 922 922 922 922 922 922 922 922 922 922 922 922 922 922 922 922 922 922 922 922 922 922 922 922 922 922 922 922 922 922 922 922 922 922 922 922 922 922 922 922 922 922 922 922 922 922 922 922 
922 922 922 922 922 922 922 922 922 922 922 922 922 922 922 922 922 922 922 922 922 922 922 922 922 922 922 922 922 922 922 922 922 922 922 922 922 922 922 922 922 922 922 922 922 922 922 922 922 922 922 922 922 922 922 922 922 922 922 922 922 922 922 922 922 922 922 922 922 922 922 922 922 922 922 922 922 922 922 922 922 922 922 922 922 922 922 922 922 922 
922 922 922 922 922 922 922 922 922 922 922 922 922 922 922 922 922 922 922 922 922 922 922 922 922 922 922 922 922 922 922 922 922 922 922 922 922 922 922 922 922 922 922 922 922 922 922 922 922 922 922 922 922 922 922 922 922 922 922 922 922 922 922 922 922 922 922 922 922 922 922 922 922 922 922 922 922 922 922 922 922 922 922 922 922 922 922 922 922 922 
922 922 922 922 922 922 922 922 922 922 922 922 922 922 922 922 922 922 922 922 922 922 922 922 922 922 922 922 922 922 922 922 922 922 922 922 922 922 922 922 922 922 922 922 922 922 922 922 922 922 922 922 922 922 922 922 922 922 922 922 922 922 922 922 922 922 922 922 922 922 922 922 922 922 922 922 922 922 922 922 922 922 922 922 922 922 922 922 922 922 
922 922 922 922 922 922 922 922 922 922 922 922 922 922 922 922 922 922 922 922 922 922 922 922 922 922 922 922 922 922 922 922 922 922 922 922 922 922 922 922 922 922 922 922 922 922 922 922 922 922 922 922 922 922 922 922 922 922 922 922 922 922 922 922 922 922 922 922 922 922 922 922 922 922 922 922 922 922 922 922 922 922 922 922 922 922 922 922 922 922 
922 922 922 922 922 922 922 922 922 922 922 922 922 922 922 922 922 922 922 922 922 922 922 922 922 922 922 922 922 922 922 922 922 922 922 922 922 922 922 922 922 922 922 922 922 922 922 922 922 922 922 922 922 922 922 922 922 922 922 922 922 922 922 922 922 922 922 922 922 922 922 922 922 922 922 922 922 922 922 922 922 922 922 922 922 922 922 922 922 922 
922 922 922 922 922 922 922 922 922 922 922 922 922 922 922 922 922 922 922 922 922 922 922 922 922 922 922 922 922 922 922 922 922 922 922 922 922 922 922 922 922 922 922 922 922 922 922 922 922 922 922 922 922 922 922 922 922 922 922 922 922 922 922 922 922 922 922 922 922 922 922 922 922 922 922 922 922 922 922 922 922 922 922 922 922 922 922 922 922 922 
922 922 922 922 922 922 922 922 922 922 922 922 922 922 922 922 922 922 922 922 922 922 922 922 922 922 922 922 922 922 922 922 922 922 922 922 922 922 922 922 922 922 922 922 922 922 922 922 922 922 922 922 922 922 922 922 922 922 922 922 922 922 922 922 922 922 922 922 922 922 922 922 922 922 922 922 922 922 922 922 922 922 922 922 922 922 922 922 922 922 
922 922 922 922 922 922 922 922 922 922 922 922 922 922 922 922 922 922 922 922 922 922 922 922 922 922 922 922 922 922 922 922 922 922 922 922 922 922 922 922 922 922 922 922 922 922 922 922 922 922 922 922 922 922 922 922 922 922 922 922 922 922 922 922 922 922 922 922 922 922 922 922 922 922 922 922 922 922 922 922 922 922 922 922 922 922 922 922 922 922 
922 922 922 922 922 922 922 922 922 922 922 922 922 922 922 922 922 922 922 922 922 922 922 922 922 922 922 922 922 922 922 922 922 922 922 922 922 922 922 922 922 922 922 922 922 922 922 922 922 922 922 922 922 922 922 922 922 922 922 922 922 922 922 922 922 922 922 922 922 922 922 922 922 922 922 922 922 922 922 922 922 922 922 922 922 922 922 922 922 922 
922 922 922 922 922 922 922 922 922 922 922 922 922 922 922 922 922 922 922 922 922 922 922 922 922 922 922 922 922 922 922 922 922 922 922 922 922 922 922 922 922 922 922 922 922 922 922 922 922 922 922 922 922 922 922 922 922 922 922 922 922 922 922 922 922 922 922 922 922 922 922 922 922 922 922 922 922 922 922 922 922 922 922 922 922 922 922 922 922 922 
922 922 922 922 922 922 922 922 922 922 922 922 922 922 922 922 922 922 922 922 922 922 922 922 922 922 922 922 922 922 922 922 922 922 922 922 922 922 922 922 922 922 922 922 922 922 922 922 922 922 922 922 922 922 922 922 922 922 922 922 922 922 922 922 922 922 922 922 922 922 922 922 922 922 922 922 922 922 922 922 922 922 922 922 922 922 922 922 922 922 
922 922 922 922 922 922 922 922 922 922 922 922 922 922 922 922 922 922 922 922 922 922 922 922 922 922 922 922 922 922 922 922 922 922 922 922 922 922 922 922 922 922 922 922 922 922 922 922 922 922 922 922 922 922 922 922 922 922 922 922 922 922 922 922 922 922 922 922 922 922 922 922 922 922 922 922 922 922 922 922 922 922 922 922 922 922 922 922 922 922 
922 922 922 922 922 922 922 922 922 922 922 922 922 922 922 922 922 922 922 922 922 922 922 922 922 922 922 922 922 922 922 922 922 922 922 922 922 922 922 922 922 922 922 922 922 922 922 922 922 922 922 922 922 922 922 922 922 922 922 922 922 922 922 922 922 922 922 922 922 922 922 922 922 922 922 922 922 922 922 922 922 922 922 922 922 922 922 922 922 922 
922 922 922 922 922 922 922 922 922 922 922 922 922 922 922 922 922 922 922 922 922 922 922 922 922 922 922 922 922 922 922 922 922 922 922 922 922 922 922 922 922 922 922 922 922 922 922 922 922 922 922 922 922 922 922 922 922 922 922 922 922 922 922 922 922 922 922 922 922 922 922 922 922 922 922 922 922 922 922 922 922 922 922 922 922 922 922 922 922 922 
922 922 922 922 922 922 922 922 922 922 922 922 922 922 922 922 922 922 922 922 922 922 922 922 922 922 922 922 922 922 922 922 922 922 922 922 922 922 922 922 922 922 922 922 922 922 922 922 922 922 922 922 922 922 922 922 922 922 922 922 922 922 922 922 922 922 922 922 922 922 922 922 922 922 922 922 922 922 922 922 922 922 922 922 922 922 922 922 922 922 
922 922 922 922 922 922 922 922 922 922 922 922 922 922 922 922 922 922 922 922 922 922 922 922 922 922 922 922 922 922 922 922 922 922 922 922 922 922 922 922 922 922 922 922 922 922 922 922 922 922 922 922 922 922 922 922 922 922 922 922 922 922 922 922 922 922 922 922 922 922 922 922 922 922 922 922 922 922 922 922 922 922 922 922 922 922 922 922 84 922 
922 922 922 922 922 922 922 922 922 922 922 922 922 922 922 922 922 922 922 922 922 922 922 922 922 922 922 922 922 922 922 922 922 922 922 922 922 922 922 922 922 922 922 922 922 922 922 922 922 922 922 922 922 922 922 922 922 922 922 922 922 922 922 922 922 922 922 922 922 922 922 922 922 922 922 922 922 922 922 922 922 922 922 922 922 922 922 922 124 922 
922 922 922 922 922 922 922 922 922 922 922 922 922 922 922 922 922 922 922 922 922 922 922 922 922 922 922 922 922 922 922 922 922 922 922 922 922 922 922 922 922 922 922 922 922 922 922 922 922 922 922 922 922 922 922 922 922 922 922 922 922 922 922 922 922 922 922 922 922 922 922 922 922 922 922 922 922 922 922 922 82 83 83 83 83 83 83 83 164 922 
922 922 922 922 922 922 922 922 922 922 922 922 922 922 922 922 922 922 922 922 922 922 922 922 922 922 922 922 922 922 922 922 922 922 922 922 922 922 922 922 922 922 922 922 922 922 922 922 922 922 922 922 922 922 922 922 922 922 922 922 922 922 922 922 922 922 922 922 922 922 922 82 83 83 83 83 83 83 83 83 922 922 922 922 922 922 922 922 922 922 
922 922 922 922 922 922 922 922 922 922 922 922 922 922 922 922 922 922 922 922 922 922 922 922 922 922 922 922 922 922 922 922 922 922 922 922 922 922 922 922 922 922 922 922 922 922 922 922 922 922 922 922 922 922 922 922 922 922 922 922 922 922 922 922 922 922 82 83 83 83 83 922 922 922 922 922 922 922 922 922 922 922 922 922 922 922 922 922 922 922 
922 922 922 922 922 922 922 922 922 922 922 922 922 922 922 922 922 922 922 922 922 922 922 922 922 922 922 922 922 922 922 922 922 922 922 922 922 922 922 922 922 922 922 922 922 922 922 922 922 922 922 922 922 922 922 922 83 82 82 82 82 82 82 82 82 82 922 922 922 922 922 922 922 922 922 922 922 922 922 922 922 922 922 922 922 922 922 922 922 922 
922 922 922 922 922 922 922 922 922 922 922 922 922 922 922 922 922 922 922 922 922 922 922 922 922 922 922 922 922 922 922 922 922 922 922 922 922 922 922 922 922 922 922 922 922 922 922 922 922 922 922 922 922 922 922 83 123 922 922 922 922 922 922 922 922 922 922 922 922 922 922 922 922 922 922 922 922 922 922 922 922 922 922 922 922 922 922 922 922 922 
922 922 922 922 922 922 922 922 922 922 922 922 922 922 922 922 922 922 922 922 922 922 922 922 922 922 922 922 922 922 922 922 922 922 922 922 922 922 922 922 922 922 922 922 922 922 922 922 922 922 922 922 922 922 83 123 922 922 922 922 922 922 922 922 922 922 922 922 922 922 922 922 922 922 922 922 922 922 922 922 922 922 922 922 922 922 922 922 922 922 
922 922 922 922 922 922 82 83 82 83 82 83 82 83 82 83 82 83 82 83 82 83 82 83 82 83 82 83 922 82 82 122 122 122 122 122 122 122 122 122 122 122 122 122 122 122 122 122 122 122 122 122 123 122 123 922 922 922 922 922 922 922 922 922 922 922 922 922 922 922 922 922 922 922 922 922 922 922 922 922 922 922 922 922 922 922 922 922 922 922 
922 922 922 922 922 922 122 123 122 123 122 123 122 123 122 123 122 123 122 123 122 123 122 123 122 123 122 123 82 922 922 162 82 82 162 162 162 162 162 162 162 162 162 162 162 162 162 162 162 162 162 162 163 162 163 922 922 922 922 922 922 922 922 922 922 922 922 922 922 922 922 922 922 922 922 922 922 922 922 922 922 922 922 922 922 922 922 922 922 922 
922 922 922 922 922 922 922 922 922 922 922 922 922 922 922 922 922 922 922 922 922 922 922 922 922 922 922 922 922 922 922 922 922 922 922 922 922 922 922 922 922 922 922 922 922 922 922 922 922 922 922 922 922 922 922 922 922 922 922 922 922 922 922 922 922 922 922 922 922 922 922 922 922 922 922 922 922 922 922 922 922 922 922 922 922 922 922 922 922 922 
922 922 922 922 922 922 922 922 922 922 922 922 922 922 922 922 922 922 922 922 922 922 922 922 922 922 922 922 922 922 922 922 922 922 922 922 922 922 922 922 922 922 922 922 922 922 922 922 922 922 922 922 922 922 922 922 922 922 922 922 922 922 922 922 922 922 922 922 922 922 922 922 922 922 922 922 922 922 922 922 922 922 922 922 922 922 922 922 922 922 
922 922 922 922 922 922 922 922 922 922 922 922 922 922 922 922 922 922 922 922 922 922 922 922 922 922 922 922 922 922 922 922 922 922 922 922 922 922 922 922 922 922 922 922 922 922 922 922 922 922 922 922 922 922 922 922 922 922 922 922 922 922 922 922 922 922 922 922 922 922 922 922 922 922 922 922 922 922 922 922 922 922 922 922 922 922 922 922 922 922 
922 922 922 922 922 922 922 922 922 922 922 922 922 922 922 922 922 922 922 922 922 922 922 922 922 922 922 922 922 922 922 922 922 922 922 922 922 922 922 922 922 922 922 922 922 922 922 922 922 922 922 922 922 922 922 922 922 922 922 922 922 922 922 922 922 922 922 922 922 922 922 922 922 922 922 922 922 922 922 922 922 922 922 922 922 922 922 922 922 922 
922 922 922 922 922 922 922 922 922 922 922 922 922 922 922 922 922 922 922 922 922 922 922 922 922 922 922 922 922 922 922 922 922 922 922 922 922 922 922 922 922 922 922 922 922 922 922 922 922 922 922 922 922 922 922 922 922 922 922 922 922 922 922 922 922 922 922 922 922 922 922 922 922 922 922 922 922 922 922 922 922 922 922 922 922 922 922 922 922 922 
922 922 922 922 922 922 922 922 922 922 922 922 922 922 922 922 922 922 922 922 922 922 922 922 922 922 922 922 922 922 922 922 922 922 922 922 922 922 922 922 922 922 922 922 922 922 922 922 922 922 922 922 922 922 922 922 922 922 922 922 922 922 922 922 922 922 922 922 922 922 922 922 922 922 922 922 922 922 922 922 922 922 922 922 922 922 922 922 922 922 
922 922 922 922 922 922 922 922 922 922 922 922 922 922 922 922 922 922 922 922 922 922 922 922 922 922 922 922 922 922 922 922 922 922 922 922 922 922 922 922 922 922 922 922 922 922 922 922 922 922 922 922 922 922 922 922 922 922 922 922 922 922 922 922 922 922 922 922 922 922 922 922 922 922 922 922 922 922 922 922 922 922 922 922 922 922 922 922 922 922 
922 922 922 922 922 922 922 922 922 922 922 922 922 922 922 922 922 922 922 922 922 922 922 922 922 922 922 922 922 922 922 922 922 922 922 922 922 922 922 922 922 922 922 922 922 922 922 922 922 922 922 922 922 922 922 922 922 922 922 922 922 922 922 922 922 922 922 922 922 922 922 922 922 922 922 922 922 922 922 922 922 922 922 922 922 922 922 922 922 922
0 0 0 0 0 0 0 0 0 0 0 0 0 0 0 0 0 0 0 0 0 0 0 0 0 0 0 0 0 0 0 0 0 0 0 0 0 0 0 0 0 0 0 0 0 0 0 0 0 0 0 0 0 0 0 0 0 0 0 0 0 0 0 0 0 0 0 0 0 0 0 0 0 0 0 0 0 0 0 0 0 0 0 0 0 0 0 0 0 0 
0 0 0 0 0 0 0 0 0 0 0 0 0 0 0 0 0 0 0 0 0 0 0 0 0 0 0 0 0 0 0 0 0 0 0 0 0 0 0 0 0 0 0 0 0 0 0 0 0 0 0 0 0 0 0 0 0 0 0 0 0 0 0 0 0 0 0 0 0 0 0 0 0 0 0 0 0 0 0 0 0 0 0 0 0 0 0 0 0 0 
0 0 0 0 0 0 0 0 0 0 0 0 0 0 0 0 0 0 0 0 0 0 0 0 0 0 0 0 0 0 0 0 0 0 0 0 0 0 0 0 0 0 0 0 0 0 0 0 0 0 0 0 0 0 0 0 0 0 0 0 0 0 0 0 0 0 0 0 0 0 0 0 0 0 0 0 0 0 0 0 0 0 0 0 0 0 0 0 0 0 
0 0 0 41 42 43 44 41 42 43 44 41 42 43 44 41 42 43 44 44 41 42 43 44 41 42 43 44 41 42 43 44 41 41 42 43 41 42 43 41 42 43 44 41 42 43 44 41 42 43 44 41 42 43 41 42 43 44 41 42 43 44 41 42 43 41 42 43 44 41 42 41 42 43 41 42 43 44 42 43 44 42 43 44 43 44 42 43 44 0 
0 0 0 121 122 122 122 122 122 122 122 122 122 122 122 122 122 122 122 122 122 122 122 122 122 122 122 122 122 122 82 82 82 122 122 122 122 122 122 122 122 122 122 122 122 82 82 82 82 82 82 82 82 82 82 82 82 82 82 82 82 82 82 82 82 82 82 82 83 82 82 82 82 82 82 82 122 122 122 123 82 83 82 83 82 83 82 83 84 0 
0 0 0 161 162 162 162 162 162 162 162 162 162 162 162 162 162 162 162 162 162 162 162 162 162 162 162 162 162 162 122 122 122 162 162 162 162 162 162 162 162 162 162 162 162 122 122 122 122 122 122 122 122 122 122 122 122 122 122 122 122 122 122 122 122 122 122 122 123 122 122 122 122 122 122 122 82 82 82 82 82 82 82 83 122 123 122 123 124 0 
0 0 0 81 82 82 82 82 82 82 82 82 82 82 82 82 82 82 82 82 82 82 82 82 82 82 82 82 82 122 162 162 162 327 328 329 330 331 332 333 122 122 122 122 122 162 162 162 162 162 162 162 162 162 162 162 162 162 162 162 162 162 162 162 162 162 162 162 163 162 162 162 162 162 162 82 122 122 122 122 122 122 82 83 162 163 162 163 164 0 
0 0 0 121 122 122 122 122 122 122 122 122 122 122 122 122 122 122 122 122 122 122 122 122 122 122 122 122 122 162 162 402 403 367 368 419 370 371 372 373 82 82 82 83 162 162 162 162 122 122 122 122 122 82 162 162 162 162 162 162 162 162 162 162 162 163 82 82 82 82 82 82 82 82 82 122 162 162 162 162 162 162 82 83 82 83 82 83 124 0 
0 0 0 161 162 162 162 162 162 162 162 162 162 162 162 162 162 162 162 162 162 162 162 162 162 162 82 82 82 82 82 442 82 407 408 409 410 460 412 413 122 122 122 82 82 82 82 82 162 162 162 162 162 122 122 122 122 122 122 122 122 122 122 122 122 122 122 122 122 122 122 122 122 122 82 162 82 82 82 83 83 83 82 83 122 123 122 123 164 0 
0 0 0 81 82 82 82 82 82 82 82 82 82 82 82 82 82 82 82 82 82 82 82 82 82 82 122 122 122 122 122 522 523 447 448 449 450 451 452 453 162 82 82 82 82 82 82 82 83 122 82 82 82 162 162 82 82 82 83 162 162 162 162 162 162 162 162 162 162 162 162 162 82 82 122 162 122 122 82 83 123 123 83 83 162 163 162 163 84 0 
0 0 0 121 122 122 122 122 122 122 122 122 122 122 122 122 122 122 122 122 122 122 122 122 122 122 162 82 83 83 83 83 83 487 488 458 490 491 380 493 83 122 122 122 122 122 122 122 82 82 82 82 82 82 82 122 122 82 82 82 82 82 82 82 83 82 82 82 82 82 82 82 122 122 162 162 162 162 82 82 82 83 123 123 82 83 82 83 124 0 
0 0 0 161 162 884 162 162 162 162 162 162 162 162 162 162 82 82 82 82 82 82 82 82 82 82 82 82 82 82 82 82 83 527 528 529 530 531 532 533 123 162 162 162 162 162 162 162 122 122 122 122 122 122 122 162 162 122 122 122 122 122 122 122 123 122 122 122 122 82 122 122 162 162 163 123 123 83 122 122 82 82 82 83 122 123 122 123 164 0 
0 0 0 81 82 924 82 82 82 82 82 82 82 82 82 82 122 122 122 122 122 122 122 122 122 122 122 122 122 122 122 82 82 567 568 569 570 571 572 573 163 122 122 122 122 122 122 122 162 162 162 162 162 162 162 122 82 82 82 82 82 82 83 83 82 82 82 82 82 122 162 162 162 163 163 163 163 123 162 162 122 122 82 83 162 163 162 163 124 0 
0 0 0 121 122 964 122 122 122 122 122 122 122 122 122 122 162 162 162 162 162 162 162 162 82 82 82 162 162 162 162 122 122 122 162 162 162 163 83 83 83 162 162 162 162 162 162 162 163 83 83 83 123 123 123 162 82 82 83 83 83 83 83 123 122 122 82 83 83 83 83 83 83 83 82 162 163 163 123 123 162 162 82 83 82 83 82 83 164 0 
0 0 0 161 162 162 162 162 162 162 82 82 82 82 82 82 136 82 82 82 82 82 82 82 122 122 122 122 122 122 122 162 162 162 162 163 123 123 123 123 123 123 123 82 83 83 83 83 83 83 123 123 163 163 163 163 122 82 82 82 82 82 82 82 82 83 83 83 123 123 123 123 123 123 122 122 122 162 163 163 163 82 83 83 122 123 122 123 84 0 
0 0 0 81 82 82 82 82 96 82 122 122 122 122 122 122 122 122 122 122 122 122 122 122 162 162 162 162 162 162 162 82 83 123 123 163 163 163 163 163 163 163 163 122 123 123 123 123 123 123 163 163 82 82 82 162 162 122 122 122 122 122 82 83 83 83 123 123 163 163 163 163 163 163 162 162 162 162 162 162 82 83 83 123 162 163 162 163 124 0 
0 0 0 121 122 122 122 136 122 122 162 162 162 162 162 162 162 162 162 162 162 162 162 162 162 162 82 82 82 82 82 82 82 83 163 163 123 123 83 82 83 83 83 162 163 163 163 163 163 163 122 122 122 122 122 162 163 162 162 82 82 83 83 83 123 123 163 163 162 162 162 163 162 162 162 163 163 163 123 83 82 82 83 83 82 83 82 83 164 0 
0 0 0 121 162 162 162 162 162 162 162 82 82 82 82 82 82 82 82 82 82 82 82 82 82 82 122 122 122 122 122 122 82 82 82 83 163 163 123 82 83 123 123 123 83 163 123 123 83 162 162 162 162 82 162 82 82 82 82 82 83 83 123 123 163 163 162 162 163 162 162 162 82 82 82 82 162 163 163 82 83 82 83 123 83 123 122 123 84 0 
0 0 0 161 82 82 82 82 82 82 82 122 122 122 122 122 122 122 122 122 122 122 122 122 122 122 162 162 162 162 162 162 122 122 122 82 82 82 82 82 82 83 163 82 82 82 82 83 82 82 83 83 82 122 162 122 122 122 82 83 83 123 163 163 162 162 163 162 162 163 122 82 122 122 122 122 122 162 163 82 83 82 83 163 123 163 162 163 124 0 
0 0 0 161 122 122 122 122 122 122 122 162 162 162 162 162 162 162 162 162 162 162 162 162 162 162 162 163 122 122 122 82 83 83 83 83 83 83 83 122 82 82 82 122 122 82 83 83 122 122 123 123 122 162 163 162 82 82 82 82 83 163 82 82 82 83 83 83 83 82 82 122 162 162 162 162 162 162 163 82 83 82 83 163 163 83 82 83 164 0 
0 0 0 121 162 162 162 162 162 162 162 162 162 162 162 162 162 162 162 162 162 162 162 162 162 162 162 162 82 82 82 82 82 82 82 82 82 82 82 162 122 122 122 162 82 83 83 123 162 162 163 163 162 163 163 163 122 122 122 82 82 82 122 122 82 82 83 123 123 122 122 162 163 162 163 163 163 163 163 82 82 82 83 163 122 123 122 123 124 0 
0 0 0 161 82 82 82 82 82 82 82 82 82 82 82 82 82 82 82 82 82 82 82 82 82 82 82 82 122 122 122 122 122 122 122 122 122 122 122 122 162 162 162 162 82 83 123 82 82 82 82 82 82 82 82 82 162 162 162 122 122 122 162 162 122 82 82 83 163 162 162 162 163 82 122 122 122 122 162 122 122 82 83 163 162 163 162 163 164 0 
0 0 0 121 122 122 122 122 122 122 122 122 122 122 122 122 122 122 122 122 122 122 122 122 122 122 82 83 162 162 162 162 162 162 162 162 162 162 162 162 162 162 82 82 83 83 163 122 122 122 122 122 122 122 122 122 122 122 122 162 162 162 162 162 162 122 82 83 122 122 162 82 82 122 162 162 162 162 162 884 162 82 83 83 82 83 82 83 124 0 
0 0 0 161 162 162 162 162 162 162 162 162 162 162 162 162 162 162 162 162 162 82 82 82 82 82 83 83 123 123 123 163 82 82 122 122 122 122 122 162 162 162 82 82 83 123 82 162 162 162 162 162 162 162 162 162 162 162 162 162 162 163 162 162 162 162 82 82 83 82 82 122 122 162 162 82 82 83 83 924 83 82 83 123 122 123 122 123 164 0 
0 0 0 81 82 82 82 82 82 82 82 82 82 82 82 82 82 82 82 82 82 122 122 122 122 82 82 82 82 82 82 82 122 122 162 162 162 162 162 162 163 162 82 83 123 163 122 122 162 163 163 163 163 163 163 82 82 122 122 122 162 162 162 163 162 162 122 82 82 122 82 83 83 83 83 83 83 83 123 964 123 83 83 163 17 163 162 163 164 0 
0 0 0 121 122 122 122 122 122 122 122 122 122 122 122 122 122 122 122 122 122 162 162 162 162 122 122 122 122 122 122 122 162 162 162 163 82 82 122 122 122 122 82 82 82 82 162 162 163 123 83 83 83 82 122 122 122 162 162 162 162 163 162 162 162 163 162 82 83 83 83 96 137 97 123 123 123 123 163 163 163 83 123 83 82 83 82 82 164 0 
0 0 0 161 162 162 162 162 162 162 162 162 162 162 162 162 162 162 162 82 82 82 82 82 82 162 162 162 162 162 162 162 163 122 122 122 122 122 162 162 162 82 83 82 122 122 162 163 82 123 83 123 82 122 162 162 162 162 163 82 82 82 82 82 83 83 83 83 83 123 123 123 136 137 163 163 163 163 82 82 82 82 82 82 82 82 82 122 164 0 
0 0 0 81 82 82 82 82 82 82 82 82 82 82 82 82 82 82 82 122 122 122 122 122 122 122 122 122 122 123 82 82 122 162 162 162 162 162 162 163 82 83 83 122 162 162 162 162 82 83 123 163 122 82 82 82 82 82 122 82 83 83 83 83 83 123 123 123 123 82 82 82 82 82 82 82 82 82 122 16 122 122 122 122 122 122 122 162 164 0 
0 0 0 121 122 122 122 122 122 122 122 122 122 122 122 122 122 122 122 162 162 162 162 162 162 162 162 162 162 163 122 122 162 162 163 122 122 122 162 162 82 83 327 328 329 330 331 332 331 332 333 82 162 122 122 122 82 82 83 83 83 123 123 56 82 82 82 82 82 122 122 122 122 122 122 122 122 122 162 162 162 162 162 162 162 162 162 162 45 0 
0 0 0 161 162 82 82 82 82 82 82 82 82 82 82 82 82 82 82 82 82 82 82 82 82 82 82 82 82 82 162 162 162 162 162 162 162 162 162 163 82 82 367 419 369 370 371 372 371 372 373 122 162 162 162 82 82 82 82 82 82 82 82 122 122 122 122 122 122 162 162 162 162 162 162 162 162 162 162 45 202 203 202 202 203 203 203 202 85 0 
0 0 0 81 82 122 122 122 122 122 122 122 122 122 122 122 122 122 122 122 122 122 122 122 122 122 122 122 122 122 122 122 123 82 82 82 82 82 82 82 83 122 407 408 409 378 411 412 411 412 413 162 162 163 123 122 122 122 122 122 122 122 122 162 162 162 162 162 162 162 45 202 202 203 203 202 203 202 202 85 82 83 82 83 82 83 82 82 84 0 
0 0 0 121 122 162 162 162 162 162 162 162 162 162 162 162 162 162 162 162 162 162 162 162 162 162 162 162 162 162 162 162 163 122 122 122 122 122 122 122 82 162 447 448 449 450 451 452 451 452 453 162 163 163 163 162 162 162 162 162 162 162 162 162 163 45 202 203 202 203 85 82 82 82 82 82 82 82 82 82 122 123 122 123 122 123 884 122 124 0 
0 0 0 161 162 162 163 83 82 83 82 83 82 83 82 83 82 83 82 83 82 83 82 83 82 83 82 83 82 83 82 83 162 162 162 162 162 162 162 162 122 162 487 488 489 490 380 492 491 492 493 163 162 163 162 163 45 202 203 203 202 202 202 203 202 85 82 82 82 82 82 122 122 122 122 122 82 122 122 122 162 163 162 163 162 163 924 83 164 0 
0 0 0 81 122 123 81 82 83 82 83 82 83 82 82 83 82 83 82 82 83 123 82 83 82 82 82 83 122 123 122 123 82 83 82 83 82 83 82 83 162 162 527 528 529 530 531 532 458 532 533 82 122 162 163 45 85 82 82 82 82 82 82 82 82 82 122 122 57 122 82 162 162 162 162 162 122 162 162 162 122 122 122 122 162 163 964 82 124 0 
0 0 0 121 162 163 121 122 123 122 123 122 123 122 122 123 122 123 122 122 123 16 122 123 122 122 122 123 162 163 162 163 122 123 122 123 122 123 122 123 122 123 567 568 569 570 571 572 571 572 573 122 162 17 45 85 82 122 122 122 122 122 881 882 883 122 162 162 162 162 122 122 122 122 122 122 162 162 162 162 162 162 162 162 162 163 57 82 164 0 
0 0 0 161 82 83 46 162 163 162 163 162 163 162 162 163 162 163 162 162 163 82 162 163 162 162 162 163 45 202 203 46 162 163 162 163 162 163 162 163 162 163 162 163 162 163 162 163 162 163 162 162 163 45 85 82 884 17 162 162 162 162 921 922 923 162 162 162 162 162 162 162 162 162 162 162 162 162 163 82 83 83 83 83 83 83 83 82 124 0 
0 0 0 81 122 123 86 202 203 202 203 202 203 202 202 203 203 202 203 202 203 203 203 202 203 203 202 203 85 82 83 86 202 203 202 203 202 202 203 202 203 202 202 203 202 203 202 202 203 202 203 202 203 85 82 83 924 122 122 122 122 122 961 962 963 122 122 122 82 82 82 82 82 82 82 82 82 82 82 82 82 82 83 83 123 123 123 83 164 0 
0 0 0 121 162 163 82 83 83 83 83 83 83 83 83 83 83 83 83 83 83 83 83 83 83 83 83 83 82 122 82 82 82 82 82 82 82 82 82 82 82 82 82 82 82 82 82 83 82 83 83 83 82 82 122 123 964 162 162 162 162 162 162 162 162 162 82 82 122 122 122 82 82 83 83 82 82 82 82 82 82 82 56 82 82 83 83 83 84 0 
0 0 0 161 82 83 122 123 123 123 123 123 123 123 123 123 123 123 123 123 123 123 123 123 123 123 123 123 82 82 122 122 82 122 122 122 122 122 122 122 122 122 122 122 122 122 82 82 122 123 123 82 122 122 162 163 162 162 162 162 162 162 162 162 162 162 122 82 83 162 162 122 82 82 82 122 122 122 881 882 883 122 122 122 122 123 82 83 124 0 
0 0 0 81 122 123 162 163 163 163 163 163 163 163 163 163 163 163 163 163 163 163 163 163 163 163 163 163 122 122 162 162 122 162 162 162 162 162 162 162 162 162 162 162 162 162 122 122 162 163 163 122 162 162 162 162 162 162 162 162 162 162 162 162 162 162 162 122 123 83 163 162 122 122 122 162 162 162 921 922 923 162 162 162 162 163 57 123 164 0 
0 0 0 121 162 163 162 163 162 163 162 163 162 163 162 163 162 163 162 163 162 163 162 163 162 163 162 163 162 162 162 162 162 162 162 162 45 202 203 202 203 202 202 203 203 202 203 202 202 203 202 202 202 203 202 203 202 202 203 203 202 203 202 203 202 203 46 162 163 82 82 82 82 16 82 82 82 82 961 962 963 82 82 17 82 82 162 163 45 0 
0 0 0 201 202 203 202 202 203 202 202 203 202 202 203 202 203 202 203 202 202 203 203 202 203 202 203 202 202 203 202 202 202 202 202 203 85 0 0 0 0 0 0 0 0 0 0 0 0 0 0 0 0 0 0 0 0 0 0 0 0 0 0 0 0 0 86 46 162 122 122 122 122 122 122 122 122 122 122 122 122 122 122 122 122 122 123 45 85 0 
0 0 0 0 0 0 0 0 0 0 0 0 0 0 0 0 0 0 0 0 0 0 0 0 0 0 0 0 0 0 0 0 0 0 0 0 0 0 0 0 0 0 0 0 0 0 0 0 0 0 0 0 0 0 0 0 0 0 0 0 0 0 0 0 0 0 0 86 46 162 16 162 162 162 162 162 162 162 162 162 162 162 162 162 162 162 45 85 0 0 
0 0 0 0 0 0 0 0 0 0 0 0 0 0 0 0 0 0 0 0 0 0 0 0 0 0 0 0 0 0 0 0 0 0 0 0 0 0 0 0 0 0 0 0 0 0 0 0 0 0 0 0 0 0 0 0 0 0 0 0 0 0 0 0 0 0 0 0 86 202 203 202 202 202 203 202 203 202 203 202 202 202 202 203 202 202 85 0 0 0 
0 0 0 0 0 0 0 0 0 0 0 0 0 0 0 0 0 0 0 0 0 0 0 0 0 0 0 0 0 0 0 0 0 0 0 0 0 0 0 0 0 0 0 0 0 0 0 0 0 0 0 0 0 0 0 0 0 0 0 0 0 0 0 0 0 0 0 0 0 0 0 0 0 0 0 0 0 0 0 0 0 0 0 0 0 0 0 0 0 0
0 0 0 0 0 0 0 0 0 0 0 0 0 0 0 0 0 0 0 0 0 0 0 0 0 0 0 0 0 0 0 0 0 0 0 0 0 0 0 0 0 0 0 0 0 0 0 0 0 0 0 0 0 0 0 0 0 0 0 0 0 0 0 0 0 0 0 0 0 0 0 0 0 0 0 0 0 0 0 0 0 0 0 0 0 0 0 0 0 0 
0 0 0 0 0 0 0 0 0 0 0 0 0 0 0 0 0 0 0 0 0 0 0 0 0 0 0 0 0 0 0 0 0 0 0 0 0 0 0 0 0 0 0 0 0 0 0 0 0 0 0 0 0 0 0 0 0 0 0 0 0 0 0 0 0 0 0 0 0 0 0 0 0 0 0 0 0 0 0 0 0 0 0 0 0 0 0 0 0 0 
0 0 0 0 0 0 0 0 0 0 0 0 0 0 0 0 0 0 0 0 0 0 0 0 0 0 0 0 0 0 0 0 0 0 0 0 0 0 0 0 0 0 0 0 0 0 0 0 0 0 0 0 0 0 0 0 0 0 0 0 0 0 0 0 0 0 0 0 0 0 0 0 0 0 0 0 0 0 0 0 0 0 0 0 0 0 0 0 0 0 
0 0 0 0 0 0 0 0 0 0 0 0 0 0 0 0 0 0 0 0 0 0 0 0 0 0 0 0 0 0 0 0 0 0 0 0 0 0 0 0 0 0 0 0 0 0 0 0 0 0 0 0 0 0 0 0 0 0 0 0 0 0 0 0 0 0 0 0 0 0 0 0 0 0 0 0 0 0 0 0 0 0 0 0 0 0 0 0 0 0 
0 0 0 0 0 0 0 0 0 0 0 0 0 0 0 0 0 0 0 0 0 0 0 0 0 0 0 0 0 0 0 0 0 0 0 0 0 0 0 0 0 0 0 0 0 0 0 0 0 0 0 0 0 0 0 0 0 0 0 0 0 0 0 0 0 0 0 0 0 0 0 591 592 593 594 595 596 597 598 0 0 0 0 0 0 0 0 0 0 0 
0 0 0 0 0 0 0 0 0 0 0 0 0 0 0 0 0 0 0 0 0 0 0 0 0 0 0 0 0 0 0 0 0 0 0 0 0 0 0 0 0 0 0 0 0 0 0 0 0 0 0 0 0 0 0 0 0 0 0 0 0 0 0 0 0 0 0 0 0 0 0 631 632 633 634 635 636 637 638 0 0 0 0 0 0 0 0 0 0 0 
0 0 0 0 0 0 0 0 0 0 0 0 0 0 0 0 0 0 0 0 0 0 0 0 0 0 0 0 0 0 0 0 0 0 0 0 0 0 0 0 0 0 0 0 0 0 0 0 0 0 0 0 0 0 0 0 0 0 0 0 0 0 0 0 0 0 0 0 0 0 0 671 672 673 674 675 676 677 678 0 0 0 0 0 0 0 0 0 0 0 
0 0 0 0 0 0 0 0 0 0 0 0 0 0 0 0 0 0 0 0 0 0 0 0 0 0 0 0 0 0 0 0 0 0 0 0 0 0 0 0 0 0 0 0 0 0 0 0 0 0 0 0 0 0 0 0 0 0 0 0 0 0 0 0 0 0 0 0 0 0 0 711 712 713 714 715 716 717 718 0 0 0 0 0 0 0 0 0 0 0 
0 0 0 0 0 0 0 0 0 0 0 0 0 0 0 0 0 0 0 0 0 0 0 0 0 0 0 0 0 0 0 0 0 0 0 0 0 0 0 0 0 0 0 0 0 0 0 0 0 0 0 0 0 0 0 0 0 0 0 0 0 0 0 0 0 0 0 0 0 0 0 751 752 753 754 755 756 757 758 0 0 0 0 0 0 0 0 0 0 0 
0 0 0 0 0 0 0 0 0 0 0 0 0 0 0 0 0 0 0 0 0 0 0 0 0 0 0 0 0 0 0 0 0 0 0 0 0 0 0 0 0 0 0 0 0 0 0 0 0 0 0 0 0 0 0 0 0 0 0 0 0 0 0 0 0 0 0 0 0 0 0 791 792 793 794 795 796 797 798 0 0 0 0 0 0 0 0 0 0 0 
0 0 0 0 0 0 0 0 0 0 0 0 0 0 0 0 0 0 0 0 0 0 0 0 0 0 0 0 0 0 0 0 0 0 0 0 0 0 0 0 0 0 0 0 0 0 0 0 0 0 0 0 0 0 20 24 25 26 27 29 0 0 0 0 0 0 0 0 0 0 0 831 832 833 834 835 836 837 838 0 0 0 0 0 0 0 0 0 0 0 
0 0 0 0 0 0 0 0 0 0 0 0 0 0 0 0 0 0 0 0 0 0 0 0 0 0 0 0 0 0 0 0 0 0 0 0 0 0 0 0 0 0 0 0 0 0 0 0 0 0 0 0 0 0 60 64 65 66 67 69 0 0 0 0 0 0 0 0 0 0 0 871 872 873 874 875 876 877 878 0 0 0 0 0 0 0 0 0 0 0 
0 0 0 0 0 0 0 0 0 0 0 0 0 0 0 0 0 0 0 0 0 0 0 0 0 0 0 0 0 0 0 0 0 0 0 0 0 0 0 0 0 0 0 0 0 0 0 0 0 0 0 0 0 0 100 104 105 106 107 109 0 0 0 0 0 0 0 0 0 0 0 911 912 913 914 915 916 917 918 0 0 0 0 0 0 0 0 0 0 0 
0 0 0 0 0 0 0 0 0 0 0 0 0 0 0 0 0 0 0 20 25 23 24 25 26 27 29 0 0 0 0 0 0 0 0 0 0 0 0 0 0 0 0 0 0 0 0 0 0 0 0 0 0 0 0 0 0 0 0 0 0 0 0 0 0 0 0 0 0 0 0 951 952 953 954 955 956 957 958 0 0 0 0 0 0 0 0 0 0 0 
0 0 0 0 0 0 0 0 0 0 0 0 0 0 0 0 0 0 0 60 65 63 64 65 66 67 69 0 0 0 0 0 0 0 0 0 0 0 0 0 0 0 0 0 0 0 0 0 0 0 0 0 0 0 0 0 0 0 0 0 0 0 0 0 0 0 0 0 0 0 0 991 992 993 994 995 996 997 998 0 0 0 0 0 0 0 0 0 0 0 
0 0 0 0 0 0 0 0 0 0 0 0 0 0 0 0 0 0 0 100 105 103 104 105 106 107 109 0 0 0 0 0 0 0 0 0 0 0 0 0 0 0 0 0 0 0 0 0 0 0 0 0 0 0 0 0 0 0 0 0 0 0 0 0 0 0 0 0 0 0 0 0 0 0 0 0 0 0 0 0 0 0 0 0 0 0 0 0 0 0 
0 0 0 0 0 0 0 0 0 0 0 0 0 0 0 0 0 0 0 0 0 0 0 0 0 0 0 0 0 0 0 0 0 0 0 0 0 0 0 0 0 0 0 0 0 0 0 0 0 0 0 0 0 0 0 0 0 0 0 0 0 0 0 0 0 0 0 0 0 0 0 0 0 0 0 0 0 0 0 0 0 0 0 0 0 0 0 0 0 0 
0 0 0 0 0 0 0 0 0 0 0 0 0 0 0 0 0 0 0 0 0 0 0 0 0 0 0 0 0 0 0 0 0 0 0 0 0 0 0 0 0 0 0 0 0 0 0 0 0 0 0 0 0 0 0 0 0 0 0 0 0 0 0 0 0 0 0 0 0 0 0 0 0 0 0 0 0 0 0 0 0 0 0 0 0 0 0 0 0 0 
0 0 0 0 0 0 0 0 0 0 0 0 0 0 0 0 0 0 0 0 0 0 0 0 0 0 0 0 0 0 0 0 0 0 0 0 0 0 0 0 0 0 0 0 0 0 0 0 0 0 0 0 0 0 0 0 0 0 0 0 0 0 0 0 0 0 0 0 0 0 0 0 0 0 0 0 0 0 0 0 0 0 0 0 0 0 0 0 0 0 
0 0 0 0 0 0 0 0 0 0 0 0 0 0 0 0 0 0 0 0 0 0 0 0 0 0 0 0 0 0 0 0 0 0 0 0 0 0 0 0 0 0 0 0 0 0 0 0 0 0 0 0 0 0 0 0 0 0 0 0 0 0 0 0 0 0 0 0 0 0 0 0 0 0 0 0 0 0 0 0 0 0 0 0 0 0 0 0 0 0 
0 0 0 0 0 0 0 0 0 0 0 0 0 0 0 0 0 0 0 0 0 0 0 0 0 0 0 0 0 0 0 0 0 0 0 0 0 0 0 0 0 0 0 0 0 0 0 0 0 0 0 0 0 0 0 0 0 0 0 0 0 0 0 0 0 0 0 0 0 0 0 0 0 0 0 0 0 0 0 0 0 0 0 0 0 0 0 0 0 0 
0 0 0 0 0 0 0 0 0 0 0 0 0 0 0 0 0 0 0 0 0 0 0 0 0 0 0 0 0 0 0 0 0 0 0 0 0 0 0 0 0 0 0 0 0 0 0 0 0 0 0 0 0 0 0 0 0 0 0 0 0 0 0 0 0 0 0 0 0 0 0 0 0 0 0 0 0 0 0 0 0 0 0 0 0 0 0 0 0 0 
0 0 0 0 0 0 0 0 0 0 0 0 0 0 0 0 0 0 0 0 0 0 0 0 0 0 0 0 0 0 0 0 0 0 0 0 0 0 0 0 0 0 0 0 0 0 0 0 0 179 181 182 183 184 185 186 187 182 183 35 36 182 183 185 188 190 0 0 0 0 0 0 0 0 0 0 0 0 0 0 0 0 0 400 0 0 0 0 0 0 
0 0 0 0 0 0 0 0 0 0 0 0 0 0 0 0 0 0 0 0 0 0 0 591 592 593 594 595 596 597 598 0 0 0 0 0 0 0 0 0 0 0 0 0 0 0 0 0 0 219 221 222 223 224 225 226 227 222 223 75 76 222 223 225 228 230 0 0 0 0 0 0 0 0 0 0 0 0 0 0 0 0 0 440 0 0 0 0 0 0 
0 0 0 0 0 0 0 0 0 0 0 0 0 0 0 0 0 0 0 0 0 0 0 631 632 633 634 635 636 637 638 0 0 0 0 0 0 0 0 0 0 0 0 0 0 0 0 0 0 0 261 262 263 264 265 266 267 262 263 115 116 262 263 265 268 270 0 0 0 0 0 0 0 0 0 0 0 0 0 0 0 0 0 0 0 0 0 0 0 0 
0 0 0 0 0 0 0 0 0 0 0 0 0 0 0 0 0 0 0 0 0 0 0 671 672 673 674 675 676 677 678 0 0 0 0 0 0 0 0 0 0 0 0 0 0 0 0 0 0 0 0 0 0 0 0 0 0 0 0 0 0 0 0 0 0 0 0 0 0 0 0 0 0 0 0 0 0 0 0 0 0 0 0 0 0 0 0 0 0 0 
0 0 0 0 0 0 0 0 0 0 0 0 0 0 0 0 0 0 0 0 0 0 0 711 712 713 714 715 716 717 718 0 0 0 0 0 0 0 0 0 0 0 0 0 0 0 0 0 0 0 0 0 0 0 0 0 0 0 0 0 0 0 0 0 0 0 0 0 0 0 0 0 0 0 0 0 0 0 0 0 0 0 0 0 0 0 0 0 0 0 
0 0 0 0 0 0 0 0 0 0 0 0 0 0 0 0 0 0 0 0 0 0 0 751 752 753 754 755 756 757 758 0 0 0 0 0 0 0 0 0 0 0 0 0 0 0 0 0 0 0 0 0 0 0 0 0 0 0 0 0 0 0 0 0 0 0 0 0 0 0 0 0 0 0 0 0 0 0 0 0 0 0 0 0 0 0 0 0 0 0 
0 0 0 0 0 0 0 0 0 0 0 0 0 0 0 0 0 0 0 0 0 0 0 791 792 793 794 795 796 797 798 0 0 0 0 0 0 0 0 0 0 0 0 0 0 0 0 0 0 0 0 0 0 0 0 0 0 0 0 0 0 0 0 0 0 0 0 0 0 0 0 0 0 0 0 0 0 0 0 0 0 0 0 0 0 0 0 0 0 0 
0 0 0 0 0 0 0 0 0 0 0 0 0 0 0 0 0 0 0 0 0 0 0 831 832 833 834 835 836 837 838 0 0 0 0 0 0 0 0 0 0 0 0 0 0 0 0 0 0 0 0 0 0 0 0 0 0 0 0 0 0 0 0 0 0 0 0 0 0 0 0 0 0 0 0 0 0 0 0 0 0 0 0 0 0 0 0 0 0 0 
0 0 0 0 0 0 0 0 0 0 0 0 0 0 0 0 0 0 0 0 0 0 0 871 872 873 874 875 876 877 878 0 0 0 0 0 0 0 0 0 0 0 0 0 0 0 0 0 0 0 0 0 0 0 0 0 0 0 0 0 0 0 0 0 0 0 0 0 0 0 0 0 0 0 0 0 0 0 0 0 0 0 0 0 0 0 0 0 0 0 
0 0 0 0 0 0 0 0 0 0 0 0 0 0 0 0 0 0 0 0 0 0 0 911 912 913 914 915 916 917 918 0 0 0 0 0 0 0 0 0 0 0 0 0 0 0 0 0 0 0 0 0 0 0 0 0 0 0 0 0 0 0 0 0 0 0 0 0 0 0 0 664 0 0 0 0 0 0 0 0 0 0 0 0 0 0 0 0 0 0 
0 0 0 0 0 0 0 0 0 0 0 0 0 0 0 0 0 0 0 0 0 0 0 951 952 953 954 955 956 957 958 0 0 0 0 0 0 0 0 0 0 0 0 0 0 0 0 0 0 0 0 0 0 0 0 0 0 0 0 0 0 0 0 0 0 0 0 0 0 0 0 704 0 0 0 0 0 0 0 0 0 0 0 0 0 0 0 0 0 0 
0 0 0 0 0 0 0 0 0 0 0 0 0 0 0 0 0 0 0 0 0 0 0 991 992 993 994 995 996 997 998 0 0 0 0 0 0 0 0 0 0 0 0 0 0 0 0 0 0 0 0 0 0 0 0 0 0 0 0 0 0 0 0 0 0 0 0 0 0 0 0 0 0 0 0 0 0 0 0 0 0 0 0 0 0 0 0 0 0 0 
0 0 0 0 0 0 0 0 0 0 0 0 0 0 0 0 0 0 0 0 0 0 0 0 0 0 0 0 0 0 0 0 0 0 0 0 0 0 0 0 0 0 0 0 0 0 0 0 0 0 0 0 0 0 0 0 0 0 0 0 0 0 0 0 0 0 0 0 0 0 0 0 0 0 0 0 0 0 0 0 0 0 0 393 0 0 396 0 0 0 
0 0 0 0 0 0 0 0 0 0 0 0 0 0 0 0 0 0 0 0 0 0 0 0 0 0 0 0 0 0 0 0 0 0 0 0 0 0 0 0 0 0 0 0 0 0 0 0 0 0 0 0 0 0 0 0 0 0 0 0 0 0 0 0 0 0 0 0 0 0 0 0 0 0 0 0 0 0 0 0 0 0 0 433 0 0 0 0 0 0 
0 0 0 0 0 0 0 0 0 0 0 0 0 0 0 0 0 0 0 0 0 0 0 0 0 0 0 0 0 0 0 0 0 0 0 0 0 0 0 0 0 0 0 0 0 0 0 0 0 0 0 0 0 0 0 0 0 0 0 0 0 0 0 0 0 0 0 0 0 0 0 0 0 0 0 0 0 0 0 0 0 0 0 0 0 0 0 0 0 0 
0 0 0 0 0 0 0 0 0 0 0 0 0 0 0 0 0 0 0 0 0 0 0 0 0 0 0 0 0 0 0 0 0 0 0 0 0 0 0 0 0 0 0 0 0 0 0 0 0 0 0 0 0 0 0 0 0 0 0 0 0 0 0 0 0 0 0 0 0 0 0 0 0 0 0 0 0 0 0 0 0 0 0 0 0 0 0 0 0 0 
0 0 0 0 0 0 0 0 0 0 0 0 0 0 0 0 0 0 0 0 0 0 0 0 0 0 0 0 0 0 0 0 0 0 0 0 0 0 0 0 0 0 0 0 0 0 0 0 0 0 0 0 0 0 0 0 0 0 0 0 0 0 0 0 0 0 0 0 0 0 0 0 0 0 0 0 0 0 0 0 0 0 0 0 0 0 0 0 0 0 
0 0 0 0 0 0 0 0 0 0 0 0 0 0 0 0 0 0 0 0 0 0 0 0 0 0 0 0 0 0 0 0 0 0 0 0 0 0 0 0 0 0 0 0 0 0 0 0 0 0 0 0 0 0 0 0 0 0 0 0 0 0 0 0 0 0 0 0 0 0 0 0 0 0 0 0 0 0 0 0 0 0 0 0 0 0 0 0 0 0 
0 0 0 0 0 0 0 0 0 0 0 0 0 0 0 0 0 0 0 0 0 0 0 0 0 0 0 0 0 0 0 0 0 0 0 0 0 0 0 0 0 0 0 0 0 0 0 0 0 0 0 0 0 0 0 0 0 0 0 0 0 0 0 0 0 0 0 0 0 0 0 0 0 0 0 0 0 0 0 0 0 0 0 0 0 0 0 0 0 0 
0 0 0 0 0 0 0 0 0 0 0 0 0 0 0 0 0 0 0 0 0 0 0 0 0 0 0 0 0 0 0 0 0 0 0 0 0 0 0 0 0 0 0 0 0 0 0 0 0 0 0 0 0 0 0 0 0 0 0 0 0 0 0 0 0 0 0 0 0 0 0 0 0 0 0 0 0 0 0 0 0 0 0 0 0 0 0 0 0 0 
0 0 0 0 0 0 0 0 0 0 0 0 0 0 0 0 0 0 0 0 0 0 0 0 0 0 0 0 0 0 0 0 0 0 0 0 0 0 0 0 0 0 0 0 0 0 0 0 0 0 0 0 0 0 0 0 0 0 0 0 0 0 0 0 0 0 0 0 0 0 0 0 0 0 0 0 0 0 0 0 0 0 0 0 0 0 0 0 0 0 
0 0 0 0 0 0 0 0 0 0 0 0 0 0 0 0 0 0 0 0 0 0 0 0 0 0 0 0 0 0 0 0 0 0 0 0 0 0 0 0 0 0 0 0 0 0 0 0 0 0 0 0 0 0 0 0 0 0 0 0 0 0 0 0 0 0 0 0 0 0 0 0 0 0 0 0 0 0 0 0 0 0 0 0 0 0 0 0 0 0 
0 0 0 0 0 0 0 0 0 0 0 0 0 0 0 0 0 0 0 0 0 0 0 0 0 0 0 0 0 0 0 0 0 0 0 0 0 0 0 0 0 0 0 0 0 0 0 0 0 0 0 0 0 0 0 0 0 0 0 0 0 0 0 0 0 0 0 0 0 0 0 0 0 0 0 0 0 0 0 0 0 0 0 0 0 0 0 0 0 0
0 0 0 0 0 0 0 0 0 0 0 0 0 0 0 0 0 0 0 0 0 0 0 0 0 0 0 0 0 0 0 0 0 0 0 0 0 0 0 0 0 0 0 0 0 0 0 0 0 0 0 0 0 0 0 0 0 0 0 0 0 0 0 0 0 0 0 0 0 0 0 0 0 0 0 0 0 0 0 0 0 0 0 0 0 0 0 0 0 0 
0 0 0 0 0 0 0 0 0 0 0 0 0 0 0 0 0 0 0 0 0 0 0 0 0 0 0 0 0 0 0 0 0 0 0 0 0 0 0 0 0 0 0 0 0 0 0 0 0 0 0 0 0 0 0 0 0 0 0 0 0 0 0 0 0 0 0 0 0 0 0 0 0 0 0 0 0 0 0 0 0 0 0 0 0 0 0 0 0 0 
0 0 0 0 0 0 0 0 0 0 0 0 0 0 0 0 0 0 0 0 0 0 0 0 0 0 0 0 0 0 0 0 0 0 0 0 0 0 0 0 0 0 0 0 0 0 0 0 0 0 0 0 0 0 0 0 0 0 0 0 0 0 0 0 0 0 0 0 0 0 0 0 0 0 0 0 0 0 0 0 0 0 0 0 0 0 0 0 0 0 
0 0 0 0 0 0 0 0 0 0 0 0 0 0 0 0 0 0 0 0 0 0 0 0 0 0 0 0 0 0 0 0 0 0 0 0 0 0 0 0 0 0 0 0 0 0 0 0 0 0 0 0 0 0 0 0 0 0 0 0 0 0 0 0 0 0 0 0 0 0 0 0 0 0 0 0 0 0 0 0 0 0 0 0 0 0 0 0 0 0 
0 0 0 0 0 0 0 0 0 0 0 0 0 0 0 0 0 0 0 0 0 0 0 0 0 0 0 0 0 0 0 0 0 0 0 0 0 0 0 0 0 0 0 0 0 0 0 0 0 0 0 0 0 0 0 0 0 0 0 0 0 0 0 0 0 0 0 0 0 0 0 0 0 0 0 0 0 0 0 0 0 0 0 0 0 0 0 0 0 0 
0 0 0 0 0 0 0 0 0 0 0 0 0 0 0 0 0 0 0 0 0 0 0 0 0 0 0 0 0 0 0 0 0 0 0 0 0 0 0 0 0 0 0 0 0 0 0 0 0 0 0 0 0 0 0 0 0 0 0 0 0 0 0 0 0 0 0 0 0 0 0 0 0 0 0 0 0 0 0 0 0 0 0 0 0 0 0 0 0 0 
0 0 0 0 0 0 0 0 0 0 0 0 0 0 0 0 0 0 0 0 0 0 0 0 0 0 0 0 0 0 0 0 0 0 0 0 0 0 0 0 0 0 0 0 0 0 0 0 0 0 0 0 0 0 0 0 0 0 0 0 0 0 0 0 0 0 0 0 0 0 0 0 0 0 0 0 0 0 0 0 0 0 0 0 0 0 0 0 0 0 
0 0 0 0 0 0 0 0 0 0 0 0 0 0 0 0 0 0 0 0 0 0 0 0 0 0 0 0 0 0 0 0 0 0 0 0 0 0 0 0 0 0 0 0 0 0 0 0 0 0 0 0 0 0 0 0 0 0 0 0 0 0 0 0 0 0 0 0 0 0 0 0 0 0 0 0 0 0 0 0 0 0 0 0 0 0 0 0 0 0 
0 0 0 0 0 0 0 0 0 0 0 0 0 0 0 0 0 0 0 0 0 0 0 0 0 0 0 0 0 0 0 0 0 0 0 0 0 0 0 0 0 0 0 0 0 0 0 0 0 0 0 0 0 0 0 0 0 0 0 0 0 0 0 0 0 0 0 0 0 0 0 0 0 0 0 0 0 0 0 0 0 0 0 0 0 0 0 0 0 0 
0 0 0 0 0 0 0 0 0 0 0 0 0 0 0 0 0 0 0 0 0 0 0 0 0 0 0 0 0 0 0 0 0 0 0 0 0 0 0 0 0 0 0 0 0 0 0 0 0 0 0 0 0 0 0 0 0 0 0 0 0 0 0 0 0 0 0 0 0 0 0 0 0 0 0 0 0 0 0 0 0 0 0 0 0 0 0 0 0 0 
0 0 0 0 0 0 0 0 0 0 0 0 0 0 0 0 0 0 0 0 0 0 0 0 0 0 0 0 0 0 0 0 0 0 0 0 0 0 0 0 0 0 0 0 0 0 0 0 0 0 0 0 0 0 0 0 0 0 0 0 0 0 0 0 0 0 0 0 0 0 0 0 0 0 0 0 0 0 0 0 0 0 0 0 0 0 0 0 0 0 
0 0 0 0 0 0 0 0 0 0 0 0 0 0 0 0 0 0 0 0 0 0 0 0 0 0 0 0 0 0 0 0 0 0 0 0 0 0 0 0 0 0 0 0 0 0 0 0 0 0 0 0 0 0 0 0 0 0 0 0 0 0 0 0 0 0 0 0 0 0 0 0 0 0 0 0 0 0 0 0 0 0 0 0 0 0 0 0 0 0 
0 0 0 0 0 0 0 0 0 0 0 0 0 0 0 0 0 0 0 0 0 0 0 0 0 0 0 0 0 0 0 0 0 0 0 0 0 0 0 0 0 0 0 0 0 0 0 0 0 0 0 0 0 0 0 0 0 0 0 0 0 0 0 0 0 0 0 0 0 0 0 0 0 0 0 0 0 0 0 0 0 0 0 0 0 0 0 0 0 0 
0 0 0 0 0 0 0 0 0 0 0 0 0 0 0 0 0 0 0 0 0 0 0 0 0 0 0 0 0 0 0 0 0 0 0 0 0 0 0 0 0 0 0 0 0 0 0 0 0 0 0 0 0 0 0 0 0 0 0 0 0 0 0 0 0 0 0 0 0 0 0 0 0 0 0 0 0 0 0 0 0 0 0 0 0 0 0 0 0 0 
0 0 0 0 0 0 0 0 0 0 0 0 0 0 0 0 0 0 0 0 0 0 0 0 0 0 0 0 0 0 0 0 0 0 0 0 0 0 0 0 0 0 0 0 0 0 0 0 0 0 0 0 0 0 0 0 0 0 0 0 0 0 0 0 0 0 0 0 0 0 0 0 0 0 0 0 0 0 0 0 0 0 0 0 0 0 0 0 0 0 
0 0 0 0 0 0 0 0 0 0 0 0 0 0 0 0 0 0 0 0 0 0 0 0 0 0 0 0 0 0 0 0 0 0 0 0 0 0 0 0 0 0 0 0 0 0 0 0 0 0 0 0 0 0 0 0 0 0 0 0 0 0 0 0 0 0 0 0 0 0 0 0 0 0 0 0 0 0 0 0 0 0 0 0 0 0 0 0 0 0 
0 0 0 0 0 0 0 0 0 0 0 0 0 0 0 0 0 0 0 0 0 0 0 0 0 0 0 0 0 0 0 0 0 0 0 0 0 0 0 0 0 0 0 0 0 0 0 0 0 0 0 0 0 0 0 0 0 0 0 0 0 0 0 0 0 0 0 0 0 0 0 0 0 0 0 0 0 0 0 0 0 0 0 0 0 0 0 0 0 0 
0 0 0 0 0 0 0 0 0 0 0 0 0 0 0 0 0 0 0 0 0 0 0 0 0 0 0 0 0 0 0 0 0 0 0 0 0 0 0 0 0 0 0 0 0 0 0 0 0 0 0 0 0 0 0 0 0 0 0 0 0 0 0 0 0 0 0 0 0 0 0 0 0 0 0 0 0 0 0 0 0 0 0 0 0 0 0 0 0 0 
0 0 0 0 0 0 0 0 0 0 0 0 0 0 0 0 0 0 0 0 0 0 0 0 0 0 0 0 0 0 0 0 0 0 0 0 0 0 0 0 0 0 0 0 0 0 0 0 0 0 389 390 391 392 392 392 392 392 392 392 392 392 392 392 392 0 0 0 0 0 0 0 0 0 0 0 0 0 0 0 0 0 0 0 0 0 0 0 0 0 
0 0 0 0 0 0 0 0 0 0 0 0 0 0 0 0 0 0 0 0 0 0 0 0 0 0 0 0 0 0 0 0 0 0 0 0 0 0 0 0 0 0 0 0 0 0 0 0 0 0 429 430 431 432 432 432 432 432 432 432 432 432 432 432 432 0 0 0 0 0 0 0 0 0 0 0 0 0 0 0 0 0 0 0 0 0 0 0 0 0 
0 0 0 0 0 0 0 0 0 0 0 0 0 0 0 0 0 0 0 0 0 0 0 0 0 0 0 0 0 0 0 0 0 0 0 0 0 0 0 0 0 0 0 0 0 0 0 0 0 0 469 470 471 472 472 472 472 472 472 472 472 472 472 472 472 0 0 0 0 0 0 0 0 0 0 0 0 0 0 0 0 0 0 0 0 0 0 0 0 0 
0 0 0 0 0 0 0 0 0 0 0 0 0 0 0 0 0 0 0 0 0 0 0 0 0 0 0 0 0 0 0 0 0 0 0 0 0 0 0 0 0 0 0 0 0 0 0 0 0 0 509 510 511 512 512 512 512 512 512 512 512 512 512 512 512 0 0 0 0 0 0 0 0 0 0 0 0 0 0 0 0 0 0 0 0 0 0 0 0 0 
0 0 0 0 0 0 0 0 0 0 0 0 0 0 0 0 0 0 0 0 0 0 0 0 0 0 0 0 0 0 0 0 0 0 0 0 0 0 0 0 0 0 0 0 0 0 0 0 0 0 549 550 551 552 552 552 552 552 552 552 552 552 552 552 552 0 0 0 0 0 0 0 0 0 0 0 0 0 0 0 0 0 0 0 0 0 0 0 0 0 
0 0 0 0 0 0 0 0 0 0 0 0 0 0 0 0 0 0 0 0 0 0 0 0 0 0 0 0 0 0 0 0 0 0 0 0 0 0 0 0 0 0 0 0 0 0 0 0 0 0 0 0 0 0 0 0 0 0 0 0 0 0 0 0 0 0 0 0 0 0 0 0 0 0 0 0 0 0 0 0 0 0 0 0 0 0 0 0 0 0 
0 0 0 0 0 0 0 0 0 0 0 0 0 0 0 0 0 0 0 0 0 0 0 0 0 0 0 0 0 0 0 0 0 0 0 0 0 0 0 0 0 0 0 0 0 0 0 0 0 0 0 0 0 0 0 0 0 0 0 0 0 0 0 0 0 0 0 0 0 0 0 0 0 0 0 0 0 0 0 0 0 0 0 0 0 0 0 0 0 0 
0 0 0 0 0 0 0 0 0 0 0 0 0 0 0 0 0 0 0 0 0 0 0 0 0 0 0 0 0 0 0 0 0 0 0 0 0 0 0 0 0 0 0 0 0 0 0 0 0 0 0 0 0 0 0 0 0 0 0 0 0 0 0 0 0 0 0 0 0 0 0 0 0 0 0 0 0 0 0 0 0 0 0 0 0 0 0 0 0 0 
0 0 0 0 0 0 0 0 0 0 0 0 0 0 0 0 0 0 0 0 0 0 0 0 0 0 0 0 0 0 0 0 0 0 0 0 0 0 0 0 0 0 0 0 0 0 0 0 0 0 0 0 0 0 0 0 0 0 0 0 0 0 0 0 0 0 0 0 0 0 0 0 0 0 0 0 0 0 0 0 0 0 0 0 0 0 0 0 0 0
0 0 0 0 0 0 0 0 0 0 0 0 0 0 0 0 0 0 0 0 0 0 0 0 0 0 0 0 0 0 0 0 0 0 0 0 0 0 0 0 0 0 0 0 0 0 0 0 0 0 0 0 0 0 0 0 0 0 0 0 0 0 0 0 0 0 0 0 0 0 0 0 0 0 0 0 0 0 0 0 0 0 0 0 0 0 0 0 0 0 
0 0 0 0 0 0 0 0 0 0 0 0 0 0 0 0 0 0 0 0 0 0 0 0 0 0 0 0 0 0 0 0 0 0 0 0 0 0 0 0 0 0 0 0 0 0 0 0 0 0 0 0 0 0 0 0 0 0 0 0 0 0 0 0 0 0 0 0 0 0 0 0 0 0 0 0 0 0 0 0 0 0 0 0 0 0 0 0 0 0 
0 0 0 0 0 0 0 0 0 0 0 0 0 0 0 0 0 0 0 0 0 0 0 0 0 0 0 0 0 0 0 0 0 0 0 0 0 0 0 0 0 0 0 0 0 0 0 0 0 0 0 0 0 0 0 0 0 0 0 0 0 0 0 0 0 0 0 0 0 0 0 0 0 0 0 0 0 0 0 0 0 0 0 0 0 0 0 0 0 0 
0 0 0 0 0 0 0 0 0 0 0 0 0 0 0 0 0 0 0 0 0 0 0 0 0 0 0 0 0 0 0 0 0 0 0 0 0 0 0 0 0 0 0 0 0 0 0 0 0 0 0 0 0 0 0 0 0 0 0 0 0 0 0 0 0 0 0 0 0 0 0 0 0 0 0 0 0 0 0 0 0 0 0 0 0 0 0 0 0 0 
0 0 0 0 0 0 0 0 0 0 0 0 0 0 0 0 0 0 0 0 0 0 0 0 0 0 0 0 0 0 0 0 0 0 0 0 0 0 0 0 0 0 0 0 0 0 0 0 0 0 0 0 0 0 0 0 0 0 0 0 0 0 0 0 0 0 0 0 0 0 0 0 0 0 0 0 0 0 0 0 0 0 0 0 0 0 0 0 0 0 
0 0 0 0 0 0 0 0 0 0 0 0 0 0 0 0 0 0 0 0 0 0 0 0 0 0 0 0 0 0 0 0 0 0 0 0 0 0 0 0 0 0 0 0 0 0 0 0 0 0 0 0 0 0 0 0 0 0 0 0 0 0 0 0 0 0 0 0 0 0 0 0 0 0 0 0 0 0 0 0 0 0 0 0 0 0 0 0 0 0 
0 0 0 0 0 0 0 0 0 0 0 0 0 0 0 0 0 0 0 0 0 0 0 0 0 0 0 0 0 0 0 0 0 0 0 0 0 0 0 0 0 0 0 0 0 0 0 0 0 0 0 0 0 0 0 0 0 0 0 0 0 0 0 0 0 0 0 0 0 0 0 0 0 0 0 0 0 0 0 0 0 0 0 0 0 0 0 0 0 0 
0 0 0 0 0 0 0 0 0 0 0 0 0 0 0 0 0 0 0 0 0 0 0 0 0 0 0 0 0 0 0 0 0 0 0 0 0 0 0 0 0 0 0 0 0 0 0 0 0 0 0 0 0 0 0 0 0 0 0 0 0 0 0 0 0 0 0 0 0 0 0 0 0 0 0 0 0 0 0 0 0 0 0 0 0 0 0 0 0 0 
0 0 0 0 0 0 0 0 0 0 0 0 0 0 0 0 0 0 0 0 0 0 0 0 0 0 0 0 0 0 0 0 0 0 0 0 0 0 0 0 0 0 0 0 0 0 0 0 0 0 0 0 0 0 0 0 0 0 0 0 0 0 0 0 0 0 0 0 0 0 0 0 0 0 0 0 0 0 0 0 0 0 0 0 0 0 0 0 0 0 
0 0 0 0 0 0 0 0 0 0 0 0 0 0 0 0 0 0 0 0 0 0 0 0 0 0 0 0 0 0 0 0 0 0 0 0 0 0 0 0 0 0 0 0 0 0 0 0 0 0 0 0 0 0 0 0 0 0 0 0 0 0 0 0 0 0 0 0 0 0 0 0 0 0 0 0 0 0 0 0 0 0 0 0 0 0 0 0 0 0 
0 0 0 0 0 0 0 0 0 0 0 0 0 0 0 0 0 0 0 0 0 0 0 0 0 0 0 0 0 0 0 0 0 0 0 0 0 0 0 0 0 0 0 0 0 0 0 0 0 0 0 0 0 0 0 0 0 0 0 0 0 0 0 0 0 0 0 0 0 0 0 0 0 0 0 0 0 0 0 0 0 0 0 0 0 0 0 0 0 0 
0 0 0 0 0 0 0 0 0 0 0 0 0 0 0 0 0 0 0 0 0 0 0 0 0 0 0 0 0 0 0 0 0 0 0 0 0 0 0 0 0 0 0 0 0 0 0 0 0 0 0 0 0 0 0 0 0 0 0 0 0 0 0 0 0 0 0 0 0 0 0 0 0 0 0 0 0 0 0 0 0 0 0 0 0 0 0 0 0 0 
0 0 0 0 0 0 0 0 0 0 0 0 0 0 0 0 0 0 0 0 0 0 0 0 0 0 0 0 0 0 0 0 0 0 0 0 0 0 0 0 0 0 0 0 0 0 0 0 0 0 0 0 0 0 0 0 0 0 0 0 0 0 0 0 0 0 0 0 0 0 0 0 0 0 0 0 0 0 0 0 0 0 0 0 0 0 0 0 0 0 
0 0 0 0 0 0 0 0 0 0 0 0 0 0 0 0 0 0 0 0 0 0 0 0 0 0 0 0 0 0 0 0 0 0 0 0 0 0 0 0 0 0 0 0 0 0 0 0 0 0 0 0 0 0 0 0 0 0 0 0 0 0 0 0 0 0 0 0 0 0 0 0 0 0 0 0 0 0 0 0 0 0 0 0 0 0 0 0 0 0 
0 0 0 0 0 0 0 0 0 0 0 0 0 0 0 0 0 0 0 0 0 0 0 0 0 0 0 0 0 0 0 0 0 0 0 0 0 0 0 0 0 0 0 0 0 0 0 0 0 0 0 0 0 0 0 0 0 0 0 0 0 0 0 0 0 0 0 0 0 0 0 0 0 0 0 0 0 0 0 0 0 0 0 0 0 0 0 0 0 0 
0 0 0 0 0 0 0 0 0 0 0 0 0 0 0 0 0 0 0 0 0 0 0 0 0 0 0 0 0 0 0 0 0 0 0 0 0 0 0 0 0 0 0 0 0 0 0 0 0 0 0 0 0 0 0 0 0 0 0 0 0 0 0 0 0 0 0 0 0 0 0 0 0 0 0 0 0 0 0 0 0 0 0 0 0 0 0 0 0 0 
0 0 0 0 0 0 0 0 0 0 0 0 0 0 0 0 0 0 0 0 0 0 0 0 0 0 0 0 0 0 0 0 0 0 0 0 0 0 0 0 0 0 0 0 0 0 0 0 0 0 0 0 0 0 0 0 0 0 0 0 0 0 0 0 0 0 0 0 0 0 0 0 0 0 0 0 0 0 0 0 0 0 0 0 0 0 0 0 0 0 
0 0 0 0 0 0 0 0 0 0 0 0 0 0 0 0 0 0 0 0 0 0 0 0 0 0 0 0 0 0 0 0 0 0 0 0 0 0 0 0 0 0 0 0 0 0 0 0 0 0 0 0 0 0 0 0 0 0 0 0 0 0 0 0 0 0 0 0 0 0 0 0 0 0 0 0 0 0 0 0 0 0 0 0 0 0 0 0 0 0
0 0 0 0 0 0 0 0 0 0 0 0 0 0 0 0 0 0 0 0 0 0 0 0 0 0 0 0 0 0 0 0 0 0 0 0 0 0 0 0 0 0 0 0 0 0 0 0 0 0 0 0 0 0 0 0 0 0 0 0 0 0 0 0 0 0 0 0 0 0 0 0 0 0 0 0 0 0 0 0 0 0 0 0 0 0 0 0 0 0 
0 0 0 0 0 0 0 0 0 0 0 0 0 0 0 0 0 0 0 0 0 0 0 0 0 0 0 0 0 0 0 0 0 0 0 0 0 0 0 0 0 0 0 0 0 0 0 0 0 0 0 0 0 0 0 0 0 0 0 0 0 0 0 0 0 0 0 0 0 0 0 0 0 0 0 0 0 0 0 0 0 0 0 0 0 0 0 0 0 0 
0 0 0 0 0 0 0 0 0 0 0 0 0 0 0 0 0 0 0 0 0 0 0 0 0 0 0 0 0 0 0 0 0 0 0 0 0 0 0 0 0 0 0 0 0 0 0 0 0 0 0 0 0 0 0 0 0 0 0 0 0 0 0 0 0 0 0 0 0 0 0 0 0 0 0 0 0 0 0 0 0 0 0 0 0 0 0 0 0 0 
0 0 0 0 0 0 0 0 0 0 0 0 0 0 0 0 0 0 0 0 0 0 0 0 0 0 0 0 0 0 0 0 0 0 0 0 0 0 0 0 0 0 0 0 0 0 0 0 0 0 0 0 0 0 0 0 0 0 0 0 0 0 0 0 0 0 0 0 0 0 0 0 0 0 0 0 0 0 0 0 0 0 0 0 0 0 0 0 0 0 
0 0 0 0 0 0 0 0 0 0 0 0 0 0 0 0 0 0 0 0 0 0 0 0 0 0 0 0 0 0 0 0 0 0 0 0 0 0 0 0 0 0 0 0 0 0 0 0 0 0 0 0 0 0 0 0 0 0 0 0 0 0 0 0 0 0 0 0 0 0 0 591 592 0 0 0 0 0 0 0 0 0 0 0 0 0 0 0 0 0 
0 0 0 0 0 0 0 0 0 0 0 0 0 0 0 0 0 0 0 0 0 0 0 0 0 0 0 0 0 0 0 0 0 0 0 0 0 0 0 0 0 0 0 0 0 0 0 0 0 0 0 0 0 0 0 0 0 0 0 0 0 0 0 0 0 0 0 0 0 0 0 0 0 0 0 0 0 0 0 0 0 0 0 0 0 0 0 0 0 0 
0 0 0 0 0 0 0 0 0 0 0 0 0 0 0 0 0 0 0 0 0 0 0 0 0 0 0 0 0 0 0 0 0 0 0 0 0 0 0 0 0 0 0 0 0 0 0 0 0 0 0 0 0 0 0 0 0 0 0 0 0 0 0 0 0 0 0 0 0 0 0 671 672 0 0 0 0 0 0 0 0 0 0 0 0 0 0 0 0 0 
0 0 0 0 0 0 0 0 0 0 0 0 0 0 0 0 0 0 0 0 0 0 0 0 0 0 0 0 0 0 0 0 0 0 0 0 0 0 0 0 0 0 0 0 0 0 0 0 0 0 0 0 0 0 0 0 0 0 0 0 0 0 0 0 0 0 0 0 0 0 0 0 0 0 0 0 0 0 0 0 0 0 0 0 0 0 0 0 0 0 
0 0 0 0 0 0 0 0 0 0 0 0 0 0 0 0 0 0 0 0 0 0 0 0 0 0 0 0 0 0 0 0 0 0 0 0 0 0 0 0 0 0 0 0 0 0 0 0 0 0 0 0 0 0 0 0 0 0 0 0 0 0 0 0 0 0 0 0 0 0 0 0 0 0 0 0 0 0 0 0 0 0 0 0 0 0 0 0 0 0 
0 0 0 0 0 0 0 0 0 0 0 0 0 0 0 0 0 0 0 0 0 0 0 0 0 0 0 0 0 0 0 0 0 0 0 0 0 0 0 0 0 0 0 0 0 0 0 0 0 0 0 0 0 0 0 0 0 0 0 0 0 0 0 0 0 0 0 0 0 0 0 0 0 0 0 0 0 0 798 0 0 0 0 0 0 0 0 0 0 0 
0 0 0 0 0 0 0 0 0 0 0 0 0 0 0 0 0 0 0 0 0 0 0 0 0 0 0 0 0 0 0 0 0 0 0 0 0 0 0 0 0 0 0 0 0 0 0 0 0 0 0 0 0 0 0 0 0 0 0 0 0 0 0 0 0 0 0 0 0 0 0 831 0 0 0 0 0 0 0 0 0 0 0 0 0 0 0 0 0 0 
0 0 0 0 0 0 0 0 0 0 0 0 0 0 0 0 0 0 0 0 0 0 0 0 0 0 0 0 0 0 0 0 0 0 0 0 0 0 0 0 0 0 0 0 0 0 0 0 0 0 0 0 0 0 0 0 0 0 0 0 0 0 0 0 0 0 0 0 0 0 0 871 872 0 0 0 0 0 0 0 0 0 0 0 0 0 0 0 0 0 
0 0 0 0 0 0 0 0 0 0 0 0 0 0 0 0 0 0 0 0 0 0 0 0 0 0 0 0 0 0 0 0 0 0 0 0 0 0 0 0 0 0 0 0 0 0 0 0 0 0 0 0 0 0 0 0 0 0 0 0 0 0 0 0 0 0 0 0 0 0 0 911 0 0 0 0 0 0 0 0 0 0 0 0 0 0 0 0 0 0 
0 0 0 0 0 0 0 0 0 0 0 0 0 0 0 0 0 0 0 0 0 0 0 0 0 0 0 0 0 0 0 0 0 0 0 0 0 0 0 0 0 0 0 0 0 0 0 0 0 0 0 0 0 0 140 144 145 146 147 149 0 0 0 0 0 0 0 0 0 0 0 0 0 0 0 0 0 0 958 0 0 0 0 0 0 0 0 0 0 0 
0 0 0 0 0 0 0 0 0 0 0 0 0 0 0 0 0 0 0 0 0 0 0 0 0 0 0 0 0 0 0 0 0 0 0 0 0 0 0 0 0 0 0 0 0 0 0 0 0 0 0 0 0 0 0 0 0 0 0 0 0 0 0 0 0 0 0 0 0 0 0 0 0 0 0 0 0 0 998 0 0 0 0 0 0 0 0 0 0 0 
0 0 0 0 0 0 0 0 0 0 0 0 0 0 0 0 0 0 0 0 0 0 0 0 0 0 0 0 0 0 0 0 0 0 0 0 0 0 0 0 0 0 0 0 0 0 0 0 0 0 0 0 0 0 0 0 0 0 0 0 0 0 0 0 0 0 0 0 0 0 0 0 0 0 0 0 0 0 0 0 0 0 0 0 0 0 0 0 0 0 
0 0 0 0 0 0 0 0 0 0 0 0 0 0 0 0 0 0 0 140 145 143 144 145 146 147 149 0 0 0 0 0 0 0 0 0 0 0 0 0 0 0 0 0 0 0 0 0 0 0 0 0 0 0 0 0 0 0 0 0 0 0 0 0 0 0 0 0 0 0 0 0 0 0 0 0 0 0 0 0 0 0 0 0 0 0 0 0 0 0 
0 0 0 0 0 0 0 0 0 0 0 0 0 0 0 0 0 0 0 0 0 0 0 0 0 0 0 0 0 0 0 0 0 0 0 0 0 0 0 0 0 0 0 0 0 0 0 0 0 0 0 0 0 0 0 0 0 0 0 0 0 0 0 0 0 0 0 0 0 0 0 0 0 0 0 0 0 0 0 0 0 0 0 0 0 0 0 0 0 0 
0 0 0 0 0 0 0 0 0 0 0 0 0 0 0 0 0 0 0 0 0 0 0 0 0 0 0 0 0 0 0 0 0 0 0 0 0 0 0 0 0 0 0 0 0 0 0 0 0 0 0 0 0 0 0 0 0 0 0 0 0 0 0 0 0 0 0 0 0 0 0 0 0 0 0 0 0 0 0 0 0 0 0 0 0 0 0 0 0 0 
0 0 0 0 0 0 0 0 0 0 0 0 0 0 0 0 0 0 0 0 0 0 0 0 0 0 0 0 0 0 0 0 0 0 0 0 0 0 0 0 0 0 0 0 0 0 0 0 0 0 0 0 0 0 0 0 0 0 0 0 0 0 0 0 0 0 0 0 0 0 0 0 0 0 0 0 0 0 0 0 0 0 0 0 0 0 0 0 0 0 
0 0 0 0 0 0 0 0 0 0 0 0 0 0 0 0 0 0 0 0 0 0 0 0 0 0 0 0 0 0 0 0 0 0 0 0 0 0 0 0 0 0 0 0 0 0 0 0 0 0 0 0 0 0 0 0 0 0 0 0 0 0 0 0 0 0 0 0 0 0 0 0 0 0 0 0 0 0 0 0 0 0 0 0 0 0 0 0 0 0 
0 0 0 0 0 0 0 0 0 0 0 0 0 0 0 0 0 0 0 0 0 0 0 0 0 0 0 0 0 0 0 0 0 0 0 0 0 0 0 0 0 0 0 0 0 0 0 0 0 0 0 0 0 0 0 0 0 0 0 0 0 0 0 0 0 0 0 0 0 0 0 0 0 0 0 0 0 0 0 0 0 0 0 0 0 0 0 0 0 0 
0 0 0 0 0 0 0 0 0 0 0 0 0 0 0 0 0 0 0 0 0 0 0 0 0 0 0 0 0 0 0 0 0 0 0 0 0 0 0 0 0 0 0 0 0 0 0 0 0 0 0 0 0 0 0 0 0 0 0 0 0 0 0 0 0 0 0 0 0 0 0 0 0 0 0 0 0 0 0 0 397 398 399 400 0 0 0 0 0 0 
0 0 0 0 0 0 0 0 0 0 0 0 0 0 0 0 0 0 0 0 0 0 0 591 592 0 0 0 0 0 0 0 0 0 0 0 0 0 0 0 0 0 0 0 0 0 0 0 0 0 0 0 0 0 0 0 0 0 0 0 0 0 0 0 0 0 0 0 0 0 0 0 0 0 0 0 0 0 0 0 437 438 439 440 0 0 0 0 0 0 
0 0 0 0 0 0 0 0 0 0 0 0 0 0 0 0 0 0 0 0 0 0 0 631 632 0 0 0 0 0 0 0 0 0 0 0 0 0 0 0 0 0 0 0 0 0 0 0 0 0 0 0 0 0 0 0 0 0 0 0 0 0 0 0 0 0 0 0 0 0 0 0 0 0 0 0 0 0 0 0 477 478 479 480 0 0 0 0 0 0 
0 0 0 0 0 0 0 0 0 0 0 0 0 0 0 0 0 0 0 0 0 0 0 0 0 0 0 0 0 0 0 0 0 0 0 0 0 0 0 0 0 0 0 0 0 0 0 0 0 0 301 302 303 304 305 306 307 302 303 155 156 302 303 305 308 0 0 0 0 0 0 0 0 0 0 0 0 0 0 0 517 518 519 520 0 0 0 0 0 0 
0 0 0 0 0 0 0 0 0 0 0 0 0 0 0 0 0 0 0 0 0 0 0 0 0 0 0 0 0 0 0 0 0 0 0 0 0 0 0 0 0 0 0 0 0 0 0 0 0 0 0 0 0 0 0 0 0 0 0 0 0 0 0 0 0 0 0 0 0 0 0 0 0 0 0 0 0 0 0 0 557 558 559 560 0 0 0 0 0 0 
0 0 0 0 0 0 0 0 0 0 0 0 0 0 0 0 0 0 0 0 0 0 0 0 0 0 0 0 0 0 0 0 0 0 0 0 0 0 0 0 0 0 0 0 0 0 0 0 0 0 0 0 0 0 0 0 0 0 0 0 0 0 0 0 0 0 0 0 0 0 0 0 0 0 0 0 0 0 0 0 0 0 0 0 0 0 0 0 0 0 
0 0 0 0 0 0 0 0 0 0 0 0 0 0 0 0 0 0 0 0 0 0 0 0 0 0 0 0 0 0 798 0 0 0 0 0 0 0 0 0 0 0 0 0 0 0 0 0 0 0 0 0 0 0 0 0 0 0 0 0 0 0 0 0 0 0 0 0 0 0 0 0 0 0 0 0 0 0 0 0 0 0 0 0 0 0 0 0 0 0 
0 0 0 0 0 0 0 0 0 0 0 0 0 0 0 0 0 0 0 0 0 0 0 0 0 0 0 0 0 0 0 0 0 0 0 0 0 0 0 0 0 0 0 0 0 0 0 0 0 0 0 0 0 0 0 0 0 0 0 0 0 0 0 0 0 0 0 0 0 0 0 0 0 0 0 0 0 0 0 0 0 0 0 0 0 0 0 0 0 0 
0 0 0 0 0 0 0 0 0 0 0 0 0 0 0 0 0 0 0 0 0 0 0 0 0 0 0 0 0 0 0 0 0 0 0 0 0 0 0 0 0 0 0 0 0 0 0 0 0 0 0 0 0 0 0 0 0 0 0 0 0 0 0 0 0 0 0 0 0 0 0 0 0 0 0 0 0 0 0 0 0 0 0 0 0 0 0 0 0 0 
0 0 0 0 0 0 0 0 0 0 0 0 0 0 0 0 0 0 0 0 0 0 0 911 912 913 0 0 0 917 918 0 0 0 0 0 0 0 0 0 0 0 0 0 0 0 0 0 0 0 0 0 0 0 0 0 0 0 0 0 0 0 0 0 0 0 0 0 0 0 0 0 0 0 0 0 0 0 0 0 0 0 0 0 0 0 0 0 0 0 
0 0 0 0 0 0 0 0 0 0 0 0 0 0 0 0 0 0 0 0 0 0 0 951 952 0 0 0 0 957 958 0 0 0 0 0 0 0 0 0 0 0 0 0 0 0 0 0 0 0 0 0 0 0 0 0 0 0 0 0 0 0 0 0 0 0 0 0 0 0 0 0 0 0 0 0 0 0 0 0 0 0 0 0 0 0 0 0 0 0 
0 0 0 0 0 0 0 0 0 0 0 0 0 0 0 0 0 0 0 0 0 0 0 991 992 0 0 0 0 997 998 0 0 0 0 0 0 0 0 0 0 0 0 0 0 0 0 0 0 0 0 0 0 0 0 0 0 0 0 0 0 0 0 0 0 0 0 0 0 0 0 0 0 0 0 0 0 0 0 0 0 0 0 0 0 0 0 0 0 0 
0 0 0 0 0 0 0 0 0 0 0 0 0 0 0 0 0 0 0 0 0 0 0 0 0 0 0 0 0 0 0 0 0 0 0 0 0 0 0 0 0 0 0 0 0 0 0 0 0 0 0 0 0 0 0 0 0 0 0 0 0 0 0 0 0 0 0 0 0 0 0 0 0 0 0 0 0 0 0 0 0 0 0 393 394 395 396 0 0 0 
0 0 0 0 0 0 0 0 0 0 0 0 0 0 0 0 0 0 0 0 0 0 0 0 0 0 0 0 0 0 0 0 0 0 0 0 0 0 0 0 0 0 0 0 0 0 0 0 0 0 0 0 0 0 0 0 0 0 0 0 0 0 0 0 0 0 0 0 0 0 0 0 0 0 0 0 0 0 0 0 0 0 0 433 434 435 436 0 0 0 
0 0 0 0 0 0 0 0 0 0 0 0 0 0 0 0 0 0 0 0 0 0 0 0 0 0 0 0 0 0 0 0 0 0 0 0 0 0 0 0 0 0 0 0 0 0 0 0 0 0 0 0 0 0 0 0 0 0 0 0 0 0 0 0 0 0 0 0 0 0 0 0 0 0 0 0 0 0 0 0 0 0 0 473 474 475 476 0 0 0 
0 0 0 0 0 0 0 0 0 0 0 0 0 0 0 0 0 0 0 0 0 0 0 0 0 0 0 0 0 0 0 0 0 0 0 0 0 0 0 0 0 0 0 0 0 0 0 0 0 0 0 0 0 0 0 0 0 0 0 0 0 0 0 0 0 0 0 0 0 397 398 399 400 0 0 0 0 0 0 0 0 0 0 513 514 515 516 0 0 0 
0 0 0 0 0 0 0 0 0 0 0 0 0 0 0 0 0 0 0 0 0 0 0 0 0 0 0 0 0 0 0 0 0 0 0 0 0 0 0 0 0 0 0 0 0 0 0 0 0 0 0 0 0 0 0 0 0 0 0 0 0 0 0 0 0 0 0 0 0 437 438 439 440 0 0 0 0 0 0 0 0 0 0 553 554 555 556 0 0 0 
0 0 0 0 0 0 0 0 0 0 0 0 0 0 0 0 0 0 0 0 0 0 0 0 0 0 0 0 0 0 0 0 0 0 0 0 0 0 0 0 0 0 0 0 0 0 0 0 0 0 0 0 0 0 0 0 0 0 0 0 0 0 0 0 0 0 0 0 0 477 478 479 480 0 0 0 0 0 0 0 0 0 0 0 0 0 0 0 0 0 
0 0 0 0 0 0 0 0 0 0 0 0 0 0 0 0 0 0 0 0 0 0 0 0 0 0 0 0 0 0 0 0 0 0 0 0 0 0 0 0 0 0 0 0 0 0 0 0 0 0 0 0 0 0 0 0 0 0 0 0 0 0 0 0 0 0 0 0 0 517 518 519 520 0 0 0 0 0 0 0 0 0 0 0 0 0 0 0 0 0 
0 0 0 0 0 0 0 0 0 0 0 0 0 0 0 0 0 0 0 0 0 0 0 0 0 0 0 0 0 0 0 0 0 0 0 0 0 0 0 0 0 0 0 0 0 0 0 0 0 0 0 0 0 0 0 0 0 0 0 0 0 0 0 0 0 0 0 0 0 557 558 559 560 0 0 0 0 0 0 0 0 0 0 0 0 0 0 0 0 0 
0 0 0 0 0 0 0 0 0 0 0 0 0 0 0 0 0 0 0 0 0 0 0 0 0 0 0 0 0 0 0 0 0 0 0 0 0 0 0 0 0 0 0 0 0 0 0 0 0 0 0 0 0 0 0 0 0 0 0 0 0 0 0 0 0 0 0 0 0 0 0 0 0 0 0 0 0 0 0 0 0 0 0 0 0 0 0 0 0 0 
0 0 0 0 0 0 0 0 0 0 0 0 0 0 0 0 0 0 0 0 0 0 0 0 0 0 0 0 0 0 0 0 0 0 0 0 0 0 0 0 0 0 0 0 0 0 0 0 0 0 0 0 0 0 0 0 0 0 0 0 0 0 0 0 0 0 0 0 0 0 0 0 0 0 0 0 0 0 0 0 0 0 0 0 0 0 0 0 0 0 
0 0 0 0 0 0 0 0 0 0 0 0 0 0 0 0 0 0 0 0 0 0 0 0 0 0 0 0 0 0 0 0 0 0 0 0 0 0 0 0 0 0 0 0 0 0 0 0 0 0 0 0 0 0 0 0 0 0 0 0 0 0 0 0 0 0 0 0 0 0 0 0 0 0 0 0 0 0 0 0 0 0 0 0 0 0 0 0 0 0
0 0 0 0 0 0 0 0 0 0 0 0 0 0 0 0 0 0 0 0 0 0 0 0 0 0 0 0 0 0 0 0 0 0 0 0 0 0 0 0 0 0 0 0 0 0 0 0 0 0 0 0 0 0 0 0 0 0 0 0 0 0 0 0 0 0 0 0 0 0 0 0 0 0 0 0 0 0 0 0 0 0 0 0 0 0 0 0 0 0 
0 0 0 0 0 0 0 0 0 0 0 0 0 0 0 0 0 0 0 0 0 0 0 0 0 0 0 0 0 0 0 0 0 0 0 0 0 0 0 0 0 0 0 0 0 0 0 0 0 0 0 0 0 0 0 0 0 0 0 0 0 0 0 0 0 0 0 0 0 0 0 0 0 0 0 0 0 0 0 0 0 0 0 0 0 0 0 0 0 0 
0 0 0 0 0 0 0 0 0 0 0 0 0 0 0 0 0 0 0 0 0 0 0 0 0 0 0 0 0 0 0 0 0 0 0 0 0 0 0 0 0 0 0 0 0 0 0 0 0 0 0 0 0 0 0 0 0 0 0 0 0 0 0 0 0 0 0 0 0 0 0 0 0 0 0 0 0 0 0 0 0 0 0 0 0 0 0 0 0 0 
0 0 0 0 0 0 0 0 0 0 0 0 0 0 0 0 0 0 0 0 0 0 0 0 0 0 0 0 0 0 0 0 0 0 0 0 0 0 0 0 0 0 0 0 0 0 0 0 0 0 0 0 0 0 0 0 0 0 0 0 0 0 0 0 0 0 0 0 0 0 0 0 0 0 0 0 0 0 0 0 0 0 0 0 0 0 0 0 0 0 
0 0 0 0 0 0 0 0 0 0 0 0 0 0 0 0 0 0 0 0 0 0 0 0 0 0 0 0 0 0 0 0 0 0 0 0 0 0 0 0 0 0 0 0 0 0 0 0 0 0 0 0 0 0 0 0 0 0 0 0 0 0 0 0 0 0 0 0 0 0 0 591 592 0 0 0 0 0 598 0 0 0 0 0 0 0 0 0 0 0 
0 0 0 0 0 0 0 0 0 0 0 0 0 0 0 0 0 0 0 0 0 0 0 0 0 0 0 0 0 0 0 0 0 0 0 0 0 0 0 0 0 0 0 0 0 0 0 0 0 0 0 0 0 0 0 0 0 0 0 0 0 0 0 0 0 0 0 0 0 0 0 631 632 0 0 0 0 0 0 0 0 0 0 0 0 0 0 0 0 0 
0 0 0 0 0 0 0 0 0 0 0 0 0 0 0 0 0 0 0 0 0 0 0 0 0 0 0 0 0 0 0 0 0 0 0 0 0 0 0 0 0 0 0 0 0 0 0 0 0 0 0 0 0 0 0 0 0 0 0 0 0 0 0 0 0 0 0 0 0 0 0 671 672 0 0 0 0 0 678 0 0 0 0 0 0 0 0 0 0 0 
0 0 0 0 0 0 0 0 0 0 0 0 0 0 0 0 0 0 0 0 0 0 0 0 0 0 0 0 0 0 0 0 664 0 0 0 0 0 0 0 0 0 0 0 0 0 0 0 0 0 0 0 0 0 0 0 0 908 909 0 0 0 0 0 0 0 0 0 0 0 0 711 0 0 0 0 0 0 0 0 0 0 0 0 0 0 0 0 0 0 
0 0 0 0 0 0 0 0 0 0 0 0 0 0 0 0 0 0 0 0 0 0 0 0 0 0 0 0 0 0 0 0 704 0 0 0 0 0 0 0 0 0 0 0 0 0 0 0 0 0 0 0 0 0 0 0 0 948 949 0 0 0 0 0 0 0 0 0 0 0 0 0 0 0 0 0 0 0 0 0 0 0 0 0 0 0 0 0 0 0 
0 0 0 0 0 0 0 0 0 0 0 0 0 0 0 0 0 0 0 0 0 0 0 0 0 0 908 909 0 0 0 0 0 0 0 0 0 0 0 0 0 0 0 0 0 0 0 0 0 0 0 0 0 0 0 0 0 988 989 0 0 0 0 0 0 0 0 0 0 0 0 0 0 0 0 0 0 0 0 0 0 0 0 0 0 0 0 0 0 0 
0 0 0 0 0 0 0 0 0 0 0 0 0 0 0 0 0 0 0 0 0 0 0 0 0 0 948 949 0 0 0 0 0 0 0 0 0 0 0 0 0 0 0 0 0 0 0 0 0 0 0 0 0 0 0 0 0 0 0 0 0 0 0 0 0 0 0 0 0 0 0 831 832 0 0 0 0 0 838 0 0 0 0 0 0 0 0 0 0 0 
0 0 0 0 0 0 0 0 0 0 0 0 0 0 0 0 0 0 0 0 0 0 0 0 0 0 988 989 0 0 0 0 0 0 0 0 0 0 0 0 0 0 0 0 0 0 0 0 0 0 0 0 0 0 0 0 0 0 0 0 0 0 0 0 0 0 0 0 0 0 0 871 872 873 0 0 0 0 878 0 0 0 0 0 0 0 0 0 0 0 
0 0 0 0 0 0 0 0 0 0 0 0 0 0 0 0 0 0 0 0 0 0 0 0 0 0 0 0 0 0 0 0 0 0 0 0 0 0 0 0 0 0 0 0 0 0 0 0 0 0 0 0 0 0 0 0 0 0 0 621 0 0 0 0 0 0 0 0 0 0 0 911 912 913 0 0 0 917 918 0 0 0 0 0 0 0 0 0 0 0 
0 0 0 0 0 0 0 0 0 0 0 0 0 0 0 0 0 0 0 0 0 0 0 0 0 0 0 0 0 0 0 0 0 0 0 0 0 0 0 0 0 0 0 0 0 0 0 0 0 0 0 0 0 0 0 0 0 0 0 661 0 0 0 0 0 0 0 0 0 0 0 0 950 0 0 0 0 0 950 0 0 0 0 0 0 0 0 0 0 0 
0 0 0 0 0 0 0 0 0 0 0 0 0 0 0 0 0 0 0 0 0 503 504 0 0 0 0 0 0 0 0 0 0 0 0 0 0 0 0 0 0 0 0 0 0 0 0 0 0 0 0 0 0 0 0 0 0 0 0 701 0 0 0 0 0 0 0 0 0 0 0 0 990 0 0 0 0 909 990 0 0 0 0 0 0 0 0 0 0 0 
0 0 0 0 0 0 0 0 0 0 0 0 0 0 0 0 0 0 0 0 0 543 544 0 0 0 0 0 0 0 0 0 0 0 0 0 0 0 0 0 0 0 0 0 0 0 0 0 0 0 0 0 0 0 0 0 0 0 0 0 0 0 0 0 0 0 0 0 0 0 0 0 0 0 0 0 948 949 0 0 0 0 0 0 0 0 0 0 0 0 
0 0 0 0 0 0 0 0 0 0 0 668 669 0 0 0 0 0 0 0 664 583 584 0 0 0 0 0 0 0 0 0 0 0 0 0 0 0 0 0 0 0 0 0 0 0 0 0 0 0 0 0 0 0 0 0 0 0 0 0 0 0 0 0 0 0 0 0 0 0 0 0 0 0 0 0 988 989 0 0 0 0 0 0 0 0 0 0 0 0 
0 0 0 0 0 0 0 0 0 0 0 708 709 0 0 0 0 0 0 0 704 623 624 0 0 0 0 0 0 0 0 0 0 0 0 0 0 0 0 0 0 0 0 0 0 0 0 0 0 0 0 0 0 0 0 0 0 0 0 0 0 0 0 0 0 0 0 0 0 0 0 0 0 0 0 0 0 0 0 0 0 0 0 0 0 0 0 0 0 0 
0 0 0 0 0 0 0 0 0 0 0 0 0 0 0 0 0 0 0 0 0 0 0 0 0 0 0 0 0 0 0 0 0 0 0 0 0 0 0 0 0 0 0 0 0 0 0 0 0 0 0 0 0 0 0 0 0 0 0 0 0 0 0 0 0 0 0 0 0 0 0 0 0 0 0 0 0 0 0 0 0 0 0 0 0 0 0 0 0 0 
0 0 0 0 0 0 0 0 0 0 0 0 0 0 0 0 0 0 0 0 0 0 0 0 0 0 0 0 0 0 0 0 0 0 0 0 0 0 0 0 0 0 0 0 0 0 0 0 0 0 0 0 0 0 0 0 0 0 0 0 0 0 0 0 0 0 0 0 0 0 0 0 0 0 0 0 0 0 0 0 0 0 0 0 0 0 0 0 0 0 
0 0 0 0 0 0 0 0 0 0 0 0 0 0 0 0 0 0 0 0 0 0 0 0 0 0 0 0 0 0 0 0 0 0 0 0 0 0 0 0 0 0 0 0 0 0 0 0 0 0 0 0 0 0 0 0 0 0 0 0 0 0 0 0 0 0 0 0 0 0 0 0 0 0 0 0 0 0 0 0 0 0 0 0 0 0 0 0 0 0 
0 0 0 0 0 0 0 0 0 0 0 0 0 0 0 0 0 0 0 0 0 0 0 0 0 0 0 0 0 0 0 0 0 0 0 0 0 0 0 0 0 0 0 0 0 0 0 0 0 0 0 0 0 0 0 0 0 0 0 0 0 0 0 0 0 0 0 0 0 0 0 0 0 0 0 0 0 0 0 0 0 0 0 0 0 0 0 0 0 0 
0 0 0 0 0 0 0 0 0 0 0 0 0 0 0 0 0 0 0 0 0 0 0 0 0 0 0 0 0 0 0 0 0 0 0 0 0 0 0 0 0 0 0 0 0 0 0 0 0 0 0 0 0 0 0 0 0 0 0 0 0 0 0 0 0 0 0 0 0 0 0 0 0 0 0 0 0 0 0 0 0 0 0 0 0 0 0 0 0 0 
0 0 0 0 0 0 0 0 0 0 0 0 0 0 0 0 0 0 0 0 0 0 0 591 592 593 594 0 596 597 598 0 0 0 0 0 0 0 0 0 0 0 0 0 0 0 0 0 0 0 0 0 0 0 0 0 0 0 0 0 0 0 0 0 0 0 0 0 0 0 0 0 0 0 0 0 0 0 0 0 0 0 0 0 0 0 0 0 0 0 
0 0 0 0 0 0 0 0 0 0 0 0 0 0 0 0 0 0 0 0 0 0 0 631 0 0 0 0 0 637 0 0 0 0 0 0 0 0 0 0 0 0 0 0 0 0 0 946 947 0 0 587 0 0 0 0 0 621 0 0 0 0 0 0 0 0 0 0 0 0 0 0 0 0 0 0 0 0 0 0 0 0 0 0 0 0 0 0 0 0 
0 0 0 0 0 0 0 0 0 0 0 0 0 0 0 0 0 0 0 0 0 0 0 671 0 0 0 0 0 677 0 0 0 0 0 0 0 0 0 0 0 0 0 0 0 0 0 986 987 0 0 627 0 668 669 0 0 661 663 0 0 0 668 669 0 0 0 0 0 0 0 0 0 0 0 0 0 0 0 0 0 0 0 0 828 829 0 0 0 0 
0 0 0 0 0 0 0 0 0 0 0 0 0 0 0 0 0 668 669 0 0 0 0 711 0 0 0 0 0 0 0 0 0 0 0 0 0 0 0 0 0 0 0 0 0 0 0 0 0 0 0 667 0 708 709 0 0 701 703 0 0 0 708 709 0 0 0 0 0 0 0 0 0 0 0 0 0 0 0 0 0 0 0 0 868 869 0 0 0 0 
0 0 0 0 0 0 0 0 0 0 0 0 0 0 0 0 0 708 709 0 0 0 0 0 0 0 0 0 0 0 758 0 0 0 0 0 0 0 0 0 0 0 0 0 0 0 0 0 0 0 0 0 0 0 0 0 665 666 0 0 588 589 0 0 0 0 0 0 0 0 0 0 0 0 0 0 0 0 0 0 0 828 829 0 0 0 0 0 0 0 
0 0 0 0 0 0 0 0 0 0 0 0 0 0 0 0 0 0 0 0 0 0 0 0 0 0 0 0 0 0 798 0 0 0 0 0 0 0 0 0 0 0 0 0 0 0 0 0 0 0 0 0 0 0 0 0 705 706 0 0 628 629 0 0 0 0 0 0 0 0 0 0 0 0 0 0 0 0 0 0 0 868 869 0 0 0 0 0 0 0 
0 0 0 0 0 0 0 0 0 0 908 909 0 0 0 0 0 0 0 0 0 0 0 0 0 0 0 0 0 0 838 0 0 0 0 0 0 0 0 0 0 0 0 0 0 0 0 0 0 0 0 0 0 0 0 0 0 0 0 0 0 0 0 0 0 0 0 0 0 0 0 0 0 0 0 0 0 0 0 0 0 0 0 0 0 0 0 0 0 0 
0 0 0 0 0 0 0 0 0 0 948 949 0 0 0 0 0 0 0 0 0 0 0 0 872 0 0 0 0 877 878 0 0 0 0 0 0 0 0 0 0 0 0 0 0 0 0 0 0 0 0 0 0 0 0 0 0 0 0 0 0 0 0 0 0 0 0 0 0 0 0 0 0 0 0 0 0 0 0 0 0 0 0 0 0 0 0 0 0 0 
0 0 0 0 0 0 0 0 0 0 988 989 0 0 0 0 0 0 0 0 0 0 0 911 912 0 0 0 0 917 918 0 0 0 0 0 0 0 0 0 0 0 0 0 0 0 0 0 0 0 0 0 0 0 0 0 0 0 0 0 0 0 0 0 0 0 0 0 0 0 0 664 0 0 0 0 0 0 0 0 0 0 0 0 0 0 0 0 0 0 
0 0 0 0 0 0 0 0 0 0 0 0 0 0 0 0 0 0 0 0 0 0 0 946 947 0 0 0 0 0 946 947 0 0 0 0 0 0 0 0 0 0 0 0 0 0 0 0 0 0 0 0 0 828 829 0 0 0 0 0 0 0 0 0 0 0 828 829 0 0 0 704 0 0 0 0 0 0 0 0 0 0 0 0 0 0 0 0 0 0 
0 0 0 0 0 0 0 0 0 0 0 0 0 0 0 0 0 0 0 0 0 0 0 986 987 0 0 0 0 0 986 987 0 0 0 0 0 0 0 0 0 0 0 0 0 0 0 0 0 0 0 0 0 868 869 0 0 828 829 0 0 0 0 0 0 0 868 869 0 0 0 0 0 0 0 0 0 0 0 0 0 0 0 0 0 0 0 0 0 0 
0 0 0 0 0 0 0 0 0 0 0 0 0 0 0 0 0 0 0 0 0 0 0 828 829 0 867 0 0 0 0 0 0 0 0 0 0 0 0 0 0 0 0 0 0 0 0 0 0 0 0 0 0 0 0 0 0 868 869 0 0 0 0 0 0 0 0 0 0 0 0 0 0 0 0 0 0 0 0 0 0 908 909 0 0 0 0 0 0 0 
0 0 0 0 0 0 0 0 0 0 0 0 0 0 0 0 0 0 0 0 0 0 0 868 869 0 907 0 0 0 0 0 0 0 0 0 0 0 0 0 0 0 0 0 0 0 0 0 0 0 0 0 0 0 0 0 0 0 0 0 0 0 0 0 0 0 0 0 0 0 0 0 0 0 0 0 0 0 0 0 0 948 949 0 0 0 0 0 0 0 
0 0 0 0 0 0 0 0 0 0 0 0 0 0 0 0 0 0 0 0 0 0 0 0 0 0 0 0 0 664 0 0 0 0 0 0 0 0 0 0 0 0 0 0 0 0 0 0 0 0 0 0 0 0 0 0 0 0 0 0 0 0 0 0 0 0 0 0 0 0 0 0 0 0 0 0 0 0 0 0 0 988 989 0 0 0 0 0 0 0 
0 0 0 0 0 0 0 0 0 0 0 0 0 0 0 0 0 0 0 0 0 0 0 0 0 0 0 0 0 704 0 0 0 0 0 0 0 0 0 0 0 0 0 0 0 0 0 0 0 0 0 0 0 0 0 0 0 0 0 0 0 0 0 0 0 0 0 0 0 0 0 0 0 0 0 0 0 0 0 0 0 0 0 0 0 0 0 0 0 0 
0 0 0 0 0 0 0 0 0 0 0 0 0 0 0 0 0 0 0 0 0 0 0 0 0 0 0 0 0 0 0 0 0 0 0 0 0 0 0 0 0 0 0 0 0 0 0 0 0 0 0 0 0 0 0 0 0 0 0 0 0 0 0 0 0 0 0 0 0 0 0 0 0 0 0 0 0 0 0 0 0 0 828 829 0 0 0 0 0 0 
0 0 0 0 0 0 0 0 0 0 0 0 0 0 0 0 0 0 0 0 0 0 0 0 0 0 0 0 0 0 0 0 0 0 0 0 0 0 0 0 0 0 0 0 0 0 0 0 0 0 0 0 0 0 0 0 0 0 0 0 0 0 0 0 0 0 0 0 0 0 0 0 0 0 0 0 0 0 0 0 0 0 868 869 828 829 0 0 0 0 
0 0 0 0 0 0 0 0 0 0 0 0 0 0 0 0 0 0 0 0 0 0 0 0 0 0 0 0 0 0 0 0 0 0 0 0 0 0 0 0 0 0 0 0 0 0 0 0 0 0 0 0 0 0 0 0 0 0 0 0 0 0 0 0 0 0 0 0 0 0 0 0 0 0 0 0 0 0 0 0 0 0 0 0 868 869 0 0 0 0 
0 0 0 0 0 0 0 0 0 0 0 0 0 0 0 0 0 0 0 0 0 0 0 0 0 0 0 0 0 0 0 0 0 0 0 0 0 0 0 0 0 0 0 0 0 0 0 0 0 0 0 0 0 0 0 0 0 0 0 0 0 0 0 0 0 0 0 0 0 0 0 0 0 828 829 0 0 0 0 0 0 0 0 0 0 0 0 0 0 0 
0 0 0 0 0 0 0 0 0 0 0 0 0 0 0 0 0 0 0 0 0 0 0 0 0 0 0 0 0 0 0 0 0 0 0 0 0 0 0 0 0 0 0 0 0 0 0 0 0 0 0 0 0 0 0 0 0 0 0 0 0 0 0 0 0 0 0 0 0 0 0 0 0 868 869 0 0 0 0 0 0 0 0 0 0 0 0 0 0 0 
0 0 0 0 0 0 0 0 0 0 0 0 0 0 0 0 0 0 0 0 0 0 0 0 0 0 0 0 0 0 0 0 0 0 0 0 0 0 0 0 0 0 0 0 0 0 0 0 0 0 0 0 0 0 0 0 0 0 0 0 0 0 0 0 0 0 0 0 0 0 0 0 0 0 0 0 0 0 0 0 0 0 0 0 0 0 0 0 0 0 
0 0 0 0 0 0 0 0 0 0 0 0 0 0 0 0 0 0 0 0 0 0 0 0 0 0 0 0 0 0 0 0 0 0 0 0 0 0 0 0 0 0 0 0 0 0 0 0 0 0 0 0 0 0 0 0 0 0 0 0 0 0 0 0 0 0 0 0 0 0 0 0 0 0 0 0 0 0 0 0 0 0 0 0 0 0 0 0 0 0